86 21
92
19 78
14 70
1 86
9 86
7 30
21 37
2 29
21 36
21 2
19 68
6 52
17 72
5 71
11 1
3 86
19 67
10 13
7 18
13 86
1 86
18 59
9 73
18 81
20 9
2 86
17 38
9 74
11 58
17 65
12 13
6 63
17 12
18 35
16 73
14 14
15 7
11 12
8 86
21 42
9 11
3 60
15 3
6 47
21 3
21 10
7 86
8 84
17 45
21 41
2 26
21 53
18 34
1 57
3 32
1 36
1 16
20 21
1 86
16 3
17 74
7 86
1 86
10 13
12 52
3 86
10 41
15 80
21 4
1 26
1 86
19 24
11 86
1 1
13 86
2 86
21 9
21 24
2 3
21 3
4 40
15 86
17 43
1 86
5 86
3 38
1 16
1 86
18 44
5 49
13 72
21 11
2 86
