99 60
86
60 11
43 99
30 36
60 20
60 48
1 10
14 79
18 84
28 66
30 85
2 99
9 48
10 65
8 10
60 6
60 70
10 40
16 75
60 3
51 89
40 99
60 7
37 2
14 99
44 47
20 36
60 11
18 99
40 49
60 15
21 8
50 99
12 99
1 40
3 7
16 99
38 99
35 99
46 1
59 72
54 30
49 98
47 4
6 99
60 1
28 59
51 50
13 22
60 3
54 79
32 22
60 50
60 3
15 26
60 21
3 87
50 4
7 99
55 70
40 99
20 99
36 99
60 77
20 53
57 99
26 99
1 79
60 31
30 99
41 52
38 99
69 184
102 99
60 191
174 179
131 127
186 99
60 106
179 99
60 157
60 175
60 184
60 198
200 99
190 99
180 99
