44 845 25
-741 588 97 0 197 656 -510 -23 -810 -127 -890 27 -77 63 653 848 489 271 -605 188 104 879 -333 -868 -713 -914 -446 400 438 -316 912 908 -498 552 -180 948 625 -625 286 806 376 -101 -668 390
6 10
13 31
9 36
12 23
20 29
37 40
37 38
24 41
21 27
12 25
5 22
3 32
20 22
19 35
9 44
8 40
8 22
24 40
2 13
9 16
13 22
8 29
11 38
16 35
35 44
9 29
22 27
5 41
25 43
11 32
13 39
13 44
8 19
7 42
2 3
28 36
14 32
2 30
2 38
7 39
27 39
31 44
23 29
9 32
11 34
2 36
28 41
6 17
14 39
23 42
4 26
8 30
17 26
1 17
23 25
3 36
21 34
13 34
9 40
19 24
14 31
19 21
17 23
24 44
14 40
20 24
10 29
2 19
6 21
41 44
23 40
17 19
18 37
8 38
22 31
1 13
8 25
28 40
36 40
30 39
29 42
16 23
8 33
9 42
25 39
33 44
13 40
9 41
12 19
6 19
32 39
14 18
7 28
10 44
7 41
22 32
20 34
8 13
12 28
18 41
29 32
9 10
12 42
2 23
19 36
6 35
3 12
24 42
5 37
14 33
5 8
32 36
9 27
35 37
25 28
19 22
1 2
33 38
8 28
10 31
4 17
18 31
4 36
3 5
4 34
7 16
5 36
16 38
9 12
13 27
25 36
4 42
35 41
37 43
5 25
3 20
1 33
7 31
26 41
2 20
3 28
21 24
17 32
17 40
22 30
14 43
3 22
20 30
2 32
7 33
4 41
14 20
8 39
1 8
9 35
10 25
18 40
25 38
9 30
31 37
8 41
8 27
9 19
17 38
2 14
2 25
34 38
10 40
13 32
6 44
7 25
26 27
2 40
24 43
8 24
1 42
4 29
5 15
23 27
39 41
14 21
17 33
12 27
7 35
5 21
27 33
23 38
25 32
15 19
39 40
18 30
7 36
13 23
29 35
21 35
10 27
30 38
28 38
27 35
15 26
2 41
6 20
12 17
13 14
11 41
24 27
12 21
14 17
21 37
3 25
30 33
40 43
36 39
12 29
15 40
10 37
25 34
7 13
7 11
31 43
7 23
4 35
9 37
29 43
1 4
9 23
11 20
4 38
27 44
10 35
13 20
13 30
19 32
27 28
25 31
15 42
40 44
6 38
11 44
17 35
27 37
7 32
18 33
6 22
27 31
21 32
10 32
15 28
31 42
16 29
3 29
25 41
7 38
25 35
2 37
19 37
25 42
6 28
6 36
7 9
2 42
21 33
32 43
5 27
8 35
1 37
17 36
16 18
18 25
25 37
5 6
17 22
11 39
15 38
22 37
12 18
14 34
6 27
31 36
1 40
18 22
23 43
11 23
8 26
10 20
1 5
17 31
10 19
37 44
30 41
30 32
3 27
21 29
20 23
7 21
3 26
12 24
5 43
12 44
18 19
16 36
2 11
9 38
7 37
34 42
37 39
21 30
26 43
12 34
9 17
18 43
3 43
12 33
28 44
1 15
14 28
4 44
23 24
12 35
17 29
23 26
20 33
1 32
22 28
32 34
34 40
1 12
4 25
2 22
24 32
15 21
15 29
11 14
5 24
11 33
8 37
10 12
13 17
19 28
35 38
19 20
9 33
2 27
14 26
5 33
1 28
29 39
11 43
16 21
36 41
3 14
5 31
28 33
21 23
11 25
10 15
17 41
6 26
16 42
22 36
31 38
10 43
16 24
15 31
32 42
16 30
9 22
10 11
23 28
6 23
2 10
4 12
7 20
11 30
14 22
40 41
15 33
16 17
12 13
2 6
16 28
8 16
3 16
17 37
6 33
10 28
14 19
1 44
27 41
26 33
7 43
28 43
17 24
5 7
18 32
5 42
7 19
14 38
30 42
2 35
3 21
28 35
1 27
11 15
17 43
16 32
4 6
38 42
10 30
34 36
6 13
12 15
35 42
12 20
2 34
19 31
12 39
20 42
7 14
27 38
15 25
26 36
11 42
26 39
20 40
3 18
13 24
4 31
8 23
8 43
8 18
4 18
31 39
16 37
16 27
8 32
28 42
5 29
6 42
27 42
39 44
32 41
29 44
5 17
9 31
14 24
35 36
3 7
15 18
26 37
12 30
9 11
19 40
20 21
17 20
6 11
8 10
16 22
12 38
17 44
31 35
15 22
5 12
10 36
6 37
16 43
1 3
14 35
9 24
11 17
1 22
22 34
14 29
11 13
12 32
21 40
32 40
13 21
27 30
29 38
7 15
2 43
25 30
35 40
4 15
27 36
24 39
14 41
20 39
19 26
24 33
4 14
15 27
2 17
9 25
8 14
4 30
15 36
23 33
7 40
24 25
1 10
2 44
30 43
20 28
5 26
22 42
37 41
20 32
24 29
7 12
11 28
36 42
21 39
33 35
13 35
16 33
12 43
5 13
10 38
17 42
4 7
1 30
23 36
14 15
16 40
11 19
6 31
16 26
5 20
11 24
17 21
29 31
1 23
25 40
10 26
14 30
22 23
28 29
22 39
36 38
4 19
35 39
12 41
16 25
11 31
11 12
6 30
12 40
23 39
31 40
14 37
5 10
21 31
34 41
17 30
6 24
19 25
12 36
6 14
26 38
4 21
8 42
18 26
21 26
30 36
1 41
6 18
1 19
5 39
2 31
6 34
2 39
12 37
3 6
30 40
19 27
5 11
30 35
5 16
6 12
26 31
3 15
10 42
38 40
20 44
6 8
36 43
10 16
9 21
1 7
3 19
15 32
11 40
24 37
17 34
21 25
1 35
13 33
8 17
5 35
34 39
42 43
25 26
18 35
10 13
19 43
26 34
5 44
27 34
22 26
1 21
4 27
7 17
38 44
1 11
33 43
8 20
32 37
2 26
8 9
18 36
3 24
6 39
13 42
13 37
33 37
16 20
27 32
8 11
15 23
13 38
30 37
13 28
13 16
11 36
9 18
16 41
28 30
23 37
9 15
17 25
13 36
15 20
18 42
3 11
15 37
14 44
2 24
13 29
15 41
22 44
3 8
9 28
3 31
4 24
1 14
4 9
4 16
6 16
5 14
3 44
1 9
1 36
24 35
28 31
22 33
20 35
27 29
26 30
41 43
14 36
18 34
5 18
4 5
11 22
6 32
3 33
26 35
18 44
20 43
3 13
21 44
29 33
10 23
34 44
23 35
8 15
15 30
20 37
8 34
19 30
8 21
7 44
4 43
2 5
13 41
6 25
6 43
6 9
13 26
22 43
7 10
3 39
18 21
5 40
3 35
22 38
27 40
21 28
9 14
33 36
10 41
1 38
1 34
11 29
21 38
25 33
14 16
39 42
5 32
11 27
15 39
10 39
32 38
15 17
18 27
1 29
32 35
10 18
15 24
7 26
25 44
18 39
32 33
18 38
20 36
5 38
28 37
3 40
32 44
19 23
10 33
26 28
8 12
31 33
33 34
20 26
6 15
4 28
3 4
21 36
30 34
6 40
14 23
26 42
31 41
4 32
38 39
2 21
38 43
17 28
3 23
17 27
5 28
21 22
19 29
20 38
8 36
21 43
4 22
1 6
3 34
22 29
20 25
28 32
12 16
4 37
3 17
23 31
28 39
17 39
36 37
33 39
39 43
29 34
15 34
18 23
9 20
6 29
16 19
36 44
18 24
9 26
9 34
2 12
4 10
19 44
2 9
37 42
23 32
3 10
26 32
24 34
29 41
19 33
3 38
11 18
1 25
4 13
15 35
23 30
22 24
24 31
7 24
22 41
5 30
2 4
29 30
5 23
38 41
26 44
23 34
7 29
1 26
13 43
21 42
11 35
10 14
3 41
7 22
1 20
6 7
4 11
14 27
11 37
2 29
16 34
5 34
13 25
33 42
19 41
25 29
16 31
7 30
