50 1130 42
906 652 478 711 479 -643 -329 -887 -518 114 398 -593 605 -636 -144 505 -634 -311 911 -43 -248 420 396 110 -752 52 -909 -92 -368 -831 235 -978 331 -384 143 211 979 -368 -841 -940 -309 517 374 681 -534 -902 -752 -859 -678 939
18 50
3 30
33 38
6 49
7 9
21 22
35 46
23 44
25 39
42 48
31 36
15 35
3 39
45 49
14 29
18 22
6 19
10 14
2 25
19 31
21 32
14 25
16 40
29 32
8 26
10 13
2 16
25 28
7 31
29 33
5 34
22 23
5 39
10 26
41 45
1 35
8 15
9 16
13 47
34 50
14 19
21 27
8 31
9 46
17 43
26 31
24 41
1 8
11 40
22 24
10 34
1 22
6 47
14 35
19 20
15 46
14 37
10 29
1 17
5 29
19 25
22 47
1 16
3 44
33 37
14 49
17 38
29 34
1 10
42 49
13 16
23 39
28 35
7 26
46 50
1 18
1 12
6 30
7 50
12 16
27 34
18 41
2 36
20 37
7 10
21 39
4 44
5 42
7 37
23 43
42 45
40 48
2 30
1 7
27 38
17 31
1 45
5 16
8 48
13 14
6 16
2 42
20 47
16 24
33 36
11 47
29 48
36 43
26 42
3 41
14 30
42 43
1 3
48 50
4 33
1 37
13 20
15 45
25 37
21 30
25 41
13 30
39 45
26 41
16 49
34 38
2 48
12 26
1 48
10 17
6 14
31 35
15 22
17 22
24 30
9 38
8 27
10 45
9 36
6 15
38 45
13 17
5 31
25 29
20 33
12 25
27 37
12 24
31 37
9 39
10 33
12 28
32 36
6 22
20 26
37 45
1 39
5 9
2 37
8 32
4 38
5 38
7 33
18 43
33 40
45 50
2 20
14 46
22 40
5 13
20 42
2 7
31 41
1 21
14 43
16 28
16 46
32 49
34 36
8 34
19 38
8 9
40 45
8 12
14 15
4 26
14 23
6 11
24 45
4 27
35 44
5 10
26 34
25 36
14 32
23 48
33 35
2 5
3 37
30 42
33 41
2 28
1 33
17 19
20 34
39 43
2 29
38 41
15 20
3 8
12 13
7 25
49 50
17 40
12 22
2 32
12 40
7 19
14 40
2 34
37 41
26 37
26 49
35 49
18 37
13 48
24 39
19 30
7 46
6 36
37 38
12 18
13 23
25 43
15 26
1 27
14 34
2 17
5 37
26 44
34 49
18 31
21 24
11 19
21 47
19 39
9 41
2 10
38 40
2 44
15 37
4 36
8 39
2 4
22 29
2 47
13 19
13 44
3 42
18 28
23 32
8 13
11 32
8 36
11 36
24 49
25 50
34 42
8 18
8 24
4 24
5 27
36 50
15 33
29 30
20 49
8 21
7 38
20 32
28 39
17 42
18 46
43 47
7 14
8 16
13 21
21 38
30 43
11 37
12 37
1 49
6 24
40 47
15 32
8 45
4 39
45 46
14 36
23 27
13 24
17 49
9 14
17 26
10 15
16 33
19 29
4 25
16 20
5 46
29 37
29 45
23 33
2 14
20 39
1 41
22 38
11 38
23 25
11 23
2 38
10 27
14 20
15 48
20 44
22 30
14 47
15 29
22 50
23 49
15 49
9 10
32 50
7 8
37 49
3 35
10 47
19 32
26 33
3 38
35 39
3 28
17 46
41 42
33 42
31 39
18 38
1 36
16 36
4 15
2 8
13 46
24 37
9 21
35 45
6 12
3 24
7 21
21 46
11 31
4 50
6 17
40 49
35 41
19 47
17 37
24 29
4 14
26 32
33 43
10 31
6 32
10 48
7 15
7 40
4 42
20 23
11 30
40 50
13 34
14 17
34 37
3 47
23 45
13 39
21 37
2 18
11 27
6 29
3 15
27 43
30 32
26 29
6 41
7 23
19 21
40 46
27 31
7 24
30 44
7 45
32 42
24 43
31 50
8 22
29 44
26 43
28 34
29 36
37 42
8 11
2 15
12 29
13 41
38 44
19 22
10 39
7 41
33 48
6 46
14 33
26 50
19 46
42 46
32 35
28 50
32 34
7 44
30 38
7 28
19 33
40 41
11 20
44 47
36 40
10 49
34 39
19 34
2 12
2 6
30 35
5 45
3 10
1 29
3 14
7 20
23 37
11 46
3 33
30 33
1 9
9 42
34 44
21 25
2 45
27 35
2 35
16 44
31 47
33 50
11 35
10 12
28 46
22 33
9 33
11 45
13 26
8 40
13 36
1 50
17 36
5 36
4 7
6 34
5 21
7 42
11 14
22 39
3 12
38 39
39 49
36 41
17 28
25 44
1 28
15 30
22 43
2 19
10 32
42 44
37 43
28 29
5 41
8 37
4 45
27 42
19 41
15 41
16 38
18 44
28 36
5 25
14 24
12 21
6 33
12 48
4 19
27 32
11 29
33 47
17 35
23 31
21 28
25 31
27 48
3 29
3 31
19 28
6 9
7 47
31 33
11 22
7 30
12 39
1 11
25 33
20 43
11 43
19 45
12 50
4 34
5 40
26 35
30 50
1 26
5 12
5 18
31 44
5 49
7 22
1 5
6 50
18 49
45 47
9 32
12 42
37 47
32 41
22 32
12 47
12 33
32 39
16 31
23 38
30 37
34 45
8 28
13 18
18 29
8 23
14 31
6 8
9 11
44 48
38 50
21 49
31 34
28 47
11 28
27 30
6 44
3 13
3 9
12 30
32 37
23 28
16 50
18 23
5 26
23 46
25 42
22 25
8 43
30 47
1 47
4 5
40 42
14 38
12 44
43 48
13 40
12 23
9 26
25 49
9 45
41 50
25 32
6 43
12 27
4 32
18 24
41 44
45 48
16 17
18 25
16 22
5 23
28 37
5 50
8 20
28 43
9 23
2 11
30 46
10 23
12 36
15 40
28 41
21 34
32 47
6 42
36 37
38 42
19 40
4 8
8 29
2 3
11 18
29 39
28 33
4 29
26 40
10 43
10 11
24 40
13 45
6 37
30 40
21 43
18 45
25 35
47 50
30 39
22 35
14 21
4 17
21 31
4 30
34 48
24 35
6 40
4 21
16 45
5 6
22 28
24 28
43 50
10 25
13 42
21 42
4 48
25 34
37 46
4 40
18 19
21 41
9 31
26 28
10 18
24 48
1 32
19 48
16 34
20 38
35 43
20 40
10 20
9 29
28 42
6 23
18 39
42 50
16 18
28 44
3 36
1 30
4 16
9 15
35 37
20 31
15 31
44 49
18 47
23 42
21 26
6 26
16 21
17 39
23 41
26 47
3 7
5 48
27 46
6 20
16 39
13 32
14 39
29 49
38 43
7 34
32 33
18 40
4 12
8 14
31 43
6 45
13 37
8 44
8 38
27 33
27 49
5 15
16 29
25 45
44 50
37 50
17 45
23 29
2 9
44 46
1 14
5 33
21 45
1 31
10 44
9 20
5 8
17 24
18 33
11 41
32 45
3 22
30 45
24 36
3 6
4 22
30 31
8 50
7 32
7 11
31 32
26 46
24 34
20 41
24 46
15 27
8 25
28 40
10 30
16 26
16 19
39 48
28 32
15 23
27 40
40 44
2 13
6 48
9 13
7 27
9 17
32 40
19 24
33 45
10 28
3 23
4 10
39 50
16 43
11 25
14 28
13 35
36 45
4 23
3 40
19 50
21 29
20 27
2 24
1 15
8 30
3 19
12 20
17 32
24 32
24 50
5 30
22 31
18 21
7 13
46 48
22 26
9 50
26 38
10 38
8 10
12 32
28 38
28 48
1 24
1 19
34 46
33 44
27 39
9 28
5 22
3 20
4 20
5 14
44 45
20 25
35 50
20 21
10 16
1 34
35 47
3 45
9 24
4 6
14 26
29 43
13 15
20 30
4 35
9 30
16 32
9 48
9 35
29 31
15 38
22 44
12 15
17 29
39 47
39 46
4 13
13 38
5 35
25 40
47 48
19 36
30 48
2 23
33 46
2 31
16 23
27 41
9 34
5 19
29 42
9 19
15 34
9 22
15 16
16 27
17 41
36 44
3 49
25 27
23 34
3 26
13 33
23 47
19 44
18 48
12 31
11 44
11 42
36 42
10 50
46 49
24 47
30 34
12 45
17 30
15 17
6 21
23 35
25 30
7 18
16 48
32 46
14 22
4 28
9 40
25 48
11 34
24 25
26 36
1 23
38 47
3 5
10 46
1 42
15 24
8 49
8 33
6 7
2 40
41 43
9 25
19 37
24 26
38 46
36 48
2 33
19 23
15 43
18 27
27 50
15 28
19 26
4 9
23 24
23 40
15 50
2 26
46 47
16 25
40 43
14 41
31 40
20 36
7 16
34 40
9 47
11 21
15 18
22 41
38 48
29 50
23 26
13 22
12 49
10 37
11 17
19 27
12 17
3 21
20 22
7 29
4 18
31 42
25 38
3 18
24 44
7 17
35 42
32 43
4 41
35 38
30 41
18 32
19 42
26 39
14 27
3 34
22 37
12 41
5 47
3 32
11 33
18 26
21 23
11 16
8 42
2 41
17 27
17 23
11 12
9 43
18 34
1 2
30 49
21 33
27 29
8 41
37 40
36 38
12 35
1 6
14 18
37 39
17 48
15 25
20 45
14 42
16 41
9 44
20 35
26 48
31 48
39 41
47 49
41 49
11 49
33 34
3 11
8 47
24 38
37 44
19 35
34 41
29 47
18 42
3 25
22 42
10 41
20 24
8 19
20 29
41 48
8 46
10 19
15 47
2 22
15 19
9 49
4 46
2 27
6 39
39 40
11 26
21 44
27 28
3 48
5 43
16 47
7 49
11 39
24 42
41 47
2 46
7 35
1 46
3 17
4 31
11 50
25 26
1 13
23 50
9 18
29 35
21 50
27 36
35 48
6 18
27 47
43 46
6 27
10 42
13 31
5 7
48 49
22 48
10 40
24 33
2 49
7 12
12 34
6 13
16 35
25 46
2 39
4 47
5 44
16 30
23 36
11 15
3 46
2 50
3 50
1 44
4 49
11 24
15 44
9 27
28 30
3 27
32 48
32 44
43 45
6 25
19 49
35 36
21 36
30 36
28 49
31 45
24 31
13 27
23 30
1 40
27 45
14 16
4 43
10 24
2 43
22 27
13 43
29 40
6 28
32 38
26 45
14 48
20 46
6 31
38 49
6 10
2 21
17 44
10 22
34 43
21 35
3 16
22 49
3 43
36 46
15 36
13 29
18 20
