30 356 27
-139 770 50 -938 -134 240 322 980 496 833 307 -811 995 -826 166 -222 510 -703 469 -459 -859 542 321 165 -423 690 -740 352 729 -150
9 18
8 23
3 12
21 30
7 26
2 7
12 13
8 21
18 22
1 30
16 27
17 18
6 13
6 29
1 7
14 18
11 21
1 23
8 24
17 26
9 13
15 23
4 8
12 22
3 18
3 6
13 23
8 22
5 26
3 20
10 24
4 10
19 27
2 26
3 25
15 19
19 29
13 30
3 29
11 20
5 30
17 27
4 9
20 30
4 17
8 30
14 28
21 26
4 25
4 29
12 21
7 19
3 14
13 29
15 22
19 20
2 24
5 18
8 19
26 28
23 26
1 27
11 22
7 27
3 27
8 14
5 11
14 29
17 23
8 18
16 30
9 27
2 18
7 18
4 18
25 26
2 22
15 20
4 22
15 21
19 26
16 28
3 24
7 21
7 16
16 24
11 15
1 8
5 19
1 10
24 29
1 6
19 28
10 13
2 25
16 21
14 20
2 19
10 18
4 6
20 22
1 14
9 22
5 25
4 23
11 26
16 19
6 17
24 30
2 13
21 28
20 25
14 25
7 17
4 16
11 13
4 13
4 30
28 30
13 27
9 19
17 30
1 19
1 25
2 16
24 26
3 28
8 17
15 27
15 30
7 13
27 29
6 11
6 12
20 24
1 11
6 18
10 16
24 28
22 25
6 16
14 23
6 10
27 28
20 27
6 24
14 22
2 4
4 27
15 16
5 17
22 23
4 21
22 29
11 17
12 14
18 29
19 25
23 25
13 16
4 19
5 21
10 11
5 12
27 30
8 26
14 17
10 19
16 17
18 20
17 29
12 19
23 28
7 23
6 22
15 29
21 27
7 30
9 15
8 25
1 12
6 26
9 11
20 26
4 20
20 28
13 15
2 28
29 30
12 16
15 18
16 29
11 25
2 21
18 19
5 23
14 15
13 25
22 30
2 3
10 29
4 15
8 15
15 17
17 19
4 5
9 23
8 11
10 22
12 25
6 20
10 28
4 14
3 9
12 30
1 26
10 14
3 4
22 28
8 29
18 30
1 22
7 12
5 22
5 7
10 23
18 21
17 24
14 24
22 26
19 30
5 6
18 26
12 23
16 26
7 20
1 17
12 27
16 23
2 27
21 24
3 16
3 7
9 29
14 16
8 10
3 17
2 20
1 16
19 21
15 26
7 29
5 16
4 26
5 15
13 20
5 9
7 22
12 24
18 28
12 15
10 20
9 17
7 9
16 20
16 22
1 18
13 24
18 23
17 21
9 30
20 23
2 8
11 30
13 21
1 3
9 24
2 9
23 30
14 27
2 12
18 24
5 28
16 25
10 12
8 27
2 15
17 20
11 27
9 26
5 13
3 10
19 23
13 14
17 28
6 30
3 30
15 25
19 22
2 17
5 8
4 11
17 25
8 16
1 24
7 28
3 11
9 10
25 27
2 6
26 30
10 27
2 29
9 14
3 21
12 17
6 14
1 28
26 27
21 22
6 8
11 23
6 23
7 15
10 21
6 7
4 24
5 27
5 29
7 14
14 19
18 27
5 20
1 5
24 27
1 2
1 4
7 24
12 28
13 28
7 8
12 29
1 29
9 25
14 21
2 10
25 29
11 14
11 12
15 24
9 12
11 24
8 12
8 20
22 24
21 29
