30 435 13
-607 -318 -667 694 259 285 -209 -984 -588 -252 -208 -332 -273 712 -352 877 -945 -43 -818 73 -376 636 99 728 -917 -459 -966 -286 838 -580
4 27
13 30
8 20
3 15
5 26
3 20
3 22
8 14
7 15
22 23
12 29
2 8
18 27
12 20
6 30
20 28
10 18
7 22
3 17
9 11
10 17
26 27
15 25
9 30
21 25
25 26
17 19
11 17
6 9
3 30
3 29
1 21
20 24
1 6
13 18
14 16
9 28
5 22
2 30
7 26
7 9
3 21
12 14
8 12
24 26
10 28
1 16
7 20
1 8
9 16
13 16
10 30
9 22
19 24
6 26
9 27
18 26
29 30
8 25
11 25
6 13
19 22
7 25
17 29
13 24
16 22
20 23
8 28
19 25
9 15
12 19
1 19
13 15
7 14
17 28
4 19
7 11
5 18
7 19
1 22
1 24
3 6
16 27
27 29
9 18
4 25
12 25
2 11
8 11
6 29
5 17
2 9
7 28
10 27
7 17
11 18
10 20
13 25
7 21
2 19
10 22
5 16
21 22
5 8
22 26
8 22
10 11
14 22
3 26
13 29
2 29
18 19
6 12
25 28
22 24
12 30
1 14
10 15
1 17
1 3
9 24
15 21
8 16
11 16
12 15
12 21
4 23
6 27
18 30
9 14
9 29
23 27
4 6
5 12
23 26
16 28
15 16
16 20
8 15
5 14
14 28
5 11
5 25
3 27
18 20
11 28
3 14
5 27
12 23
7 13
9 23
12 22
17 22
3 24
20 25
8 21
23 29
2 13
1 15
2 20
14 24
8 26
9 10
4 10
10 16
4 16
4 17
7 27
19 28
25 29
16 29
1 27
18 21
19 23
4 14
13 26
25 30
11 14
14 27
8 18
14 21
4 8
11 19
3 11
3 16
12 26
20 29
3 13
1 7
16 18
17 30
8 29
17 21
2 5
2 3
1 10
6 15
2 4
18 24
24 27
8 10
5 21
1 11
14 18
27 30
7 29
21 23
1 5
6 25
12 17
20 26
3 28
16 21
5 20
15 17
15 19
14 17
13 28
2 24
20 21
16 24
4 7
3 9
6 10
22 25
17 27
10 26
7 12
3 23
14 20
24 25
4 9
8 9
15 29
6 22
22 28
18 29
2 16
10 29
10 14
11 13
14 23
12 16
9 13
12 27
15 24
6 20
2 15
7 16
1 29
6 18
5 13
2 12
3 18
1 28
2 25
10 25
21 27
5 30
11 22
13 20
24 28
16 25
25 27
15 22
16 19
15 30
15 27
3 25
1 12
5 28
10 24
2 7
7 30
12 24
13 17
3 12
23 25
2 27
9 26
6 21
13 21
11 27
8 13
26 29
21 29
22 29
13 14
10 23
3 19
19 29
5 9
19 30
2 26
11 15
12 18
4 12
1 9
7 18
23 30
1 26
11 21
11 30
22 27
5 29
16 23
4 24
15 20
8 17
20 30
4 20
7 8
20 22
11 23
6 8
19 27
12 13
3 10
4 13
12 28
17 23
3 5
14 25
5 15
5 7
13 23
2 28
6 7
15 28
1 18
15 26
15 18
6 16
1 30
9 25
21 26
13 22
11 26
9 12
9 17
22 30
10 13
18 22
16 17
18 23
7 10
13 19
4 15
9 21
4 22
6 19
6 23
11 24
3 7
4 30
28 30
17 26
5 6
4 26
10 21
26 28
6 24
11 29
24 29
15 23
1 23
2 6
8 27
23 24
1 20
2 18
16 26
11 12
26 30
2 23
5 10
1 25
19 21
14 19
10 12
4 5
4 18
18 25
19 26
28 29
2 21
7 24
21 30
4 11
2 14
7 23
21 24
17 24
14 30
2 10
19 20
24 30
3 4
4 21
21 28
4 29
2 22
8 30
1 13
5 24
6 17
9 19
14 29
17 20
13 27
5 23
6 11
8 23
8 19
9 20
18 28
5 19
4 28
14 26
2 17
6 14
27 28
6 28
1 2
8 24
16 30
17 25
14 15
23 28
10 19
11 20
1 4
17 18
20 27
3 8
