96 89
100
1 96
39 96
50 70
89 12
89 21
70 10
30 71
89 32
1 96
12 96
54 53
89 12
26 53
53 96
35 79
64 29
89 21
13 52
89 1
89 30
89 37
49 15
77 29
37 2
36 39
60 96
42 36
89 16
80 51
47 8
49 79
22 72
71 96
62 95
1 96
39 71
2 96
64 82
89 45
33 37
89 13
27 96
89 47
89 50
56 18
73 34
18 96
89 47
8 96
29 96
43 55
89 10
62 36
89 5
2 96
15 61
89 40
79 68
59 36
89 1
89 4
60 50
41 96
32 96
83 82
76 77
72 35
72 8
64 26
62 95
89 7
22 9
89 13
18 96
89 5
33 96
13 96
167 174
115 183
174 188
151 96
89 177
89 199
161 96
89 131
200 147
189 96
134 105
89 186
109 124
111 150
198 96
161 187
197 103
128 100
150 96
190 96
146 104
116 141
194 96
