48 603 33
1 2 3 4 5 6 7 8 9 10 11 12 13 14 15 16 17 18 19 20 21 22 23 24 25 26 27 28 29 30 31 32 33 813 866 850 631 726 909 978 965 679 939 654 603 784 898 914
13 17
20 29
29 30
43 46
2 13
2 47
31 37
22 36
4 44
7 19
19 40
18 39
3 8
8 34
12 39
27 30
4 35
2 14
13 48
2 22
33 46
32 34
6 27
10 28
4 15
2 45
26 35
22 48
1 40
15 32
19 48
14 48
19 20
6 14
27 32
21 48
18 26
34 42
19 41
31 41
35 47
23 47
23 41
23 25
5 15
15 18
17 45
24 46
37 45
20 25
23 45
12 15
13 45
19 35
2 17
14 40
11 43
21 34
2 30
32 46
32 38
8 28
24 43
16 45
2 11
9 14
4 28
1 7
9 33
8 41
8 33
3 6
16 39
6 41
18 28
17 36
1 35
30 31
1 10
27 33
24 29
6 43
23 24
2 31
3 24
28 40
33 40
42 43
15 19
10 47
4 29
14 45
9 12
5 40
12 43
13 15
22 43
10 15
29 41
16 35
1 27
29 46
12 34
4 5
17 31
31 48
2 12
1 2
7 25
29 48
2 23
27 43
13 14
16 41
34 37
24 26
24 37
5 6
23 33
23 37
8 11
7 9
35 40
25 35
28 47
4 11
30 43
28 42
23 26
2 33
24 28
17 47
28 48
11 16
7 34
11 12
26 48
7 41
14 37
38 43
8 27
28 29
25 34
35 44
8 16
11 23
19 21
30 46
4 27
8 40
37 43
27 28
17 40
29 39
6 48
6 19
16 21
11 40
16 33
3 31
5 46
13 24
14 34
8 29
18 45
17 29
38 45
20 35
3 5
5 25
14 41
19 24
18 41
5 21
16 34
40 43
18 33
4 45
22 41
22 42
37 44
7 22
30 33
17 38
3 20
40 46
18 29
29 43
3 27
9 11
15 33
28 30
31 43
21 22
26 38
12 48
4 16
9 45
6 10
11 20
2 21
3 44
26 47
12 42
6 13
12 38
35 37
20 34
15 48
14 16
4 43
14 43
14 20
12 23
2 15
26 34
5 36
12 33
1 12
3 29
32 43
29 44
33 34
21 40
45 46
8 47
8 36
4 39
38 44
10 11
1 38
24 36
21 30
39 42
32 48
2 41
31 38
21 27
3 10
16 17
5 47
3 16
31 47
15 28
12 16
21 37
23 48
20 27
9 25
20 45
24 30
28 36
10 19
12 35
11 35
4 19
35 39
30 47
26 40
7 23
1 29
2 3
3 46
2 37
4 8
19 47
29 42
35 36
6 16
9 42
23 39
15 34
6 28
7 35
17 30
5 24
11 34
5 18
3 42
5 37
4 25
3 4
25 47
6 23
14 30
47 48
3 34
29 38
13 26
2 39
11 36
26 32
24 31
20 31
15 37
2 42
30 37
15 35
15 30
1 43
6 42
8 23
20 44
17 34
22 40
5 44
5 13
15 27
37 38
22 38
20 37
22 26
13 27
25 42
16 28
12 37
2 5
1 21
13 43
24 48
20 38
2 48
19 33
17 22
9 26
25 43
5 34
38 46
7 30
38 40
1 34
14 15
1 22
2 7
15 31
20 30
7 46
9 20
20 22
23 46
5 39
7 33
28 37
26 28
18 35
21 43
5 33
21 29
28 46
3 21
7 15
11 14
8 31
13 41
5 23
30 38
12 24
40 47
13 33
11 29
19 22
9 29
25 38
35 45
9 37
27 31
13 18
29 34
22 27
16 37
7 32
14 35
21 41
4 37
6 24
10 23
24 34
7 17
9 13
13 23
2 28
10 30
17 46
11 41
5 41
15 36
24 25
44 47
42 45
2 36
16 46
24 27
12 13
4 6
3 15
14 44
9 10
10 36
5 29
36 40
27 46
1 46
16 36
23 35
15 38
13 25
10 37
2 29
7 28
3 35
7 31
6 36
9 21
9 28
3 23
14 42
22 47
18 37
11 24
34 43
27 35
19 44
22 23
36 48
23 43
6 33
38 41
1 16
2 20
5 8
27 48
7 39
45 48
2 32
31 35
5 27
1 19
10 33
2 26
20 42
23 44
5 48
4 32
23 40
16 31
9 43
7 47
35 48
2 40
6 47
11 31
20 40
6 35
12 45
31 32
4 18
18 19
32 40
11 17
6 12
1 31
10 14
28 35
22 35
20 21
11 30
27 29
6 44
10 13
3 7
5 35
24 32
5 30
2 35
12 40
15 16
17 44
7 13
1 23
20 33
6 38
29 33
19 42
25 26
6 31
2 43
9 17
5 42
13 44
21 32
17 18
40 48
4 42
41 45
19 45
7 20
9 24
3 32
5 26
14 23
16 23
9 41
46 47
34 45
32 33
6 15
22 28
31 46
27 45
9 39
24 40
4 30
39 48
7 8
12 32
21 38
2 44
17 23
12 41
39 46
8 45
8 15
20 43
9 15
14 28
6 22
22 37
13 29
16 42
10 22
26 27
3 30
36 42
28 34
19 28
10 26
25 31
1 42
5 17
12 28
32 41
4 12
2 9
13 31
12 14
28 39
8 12
13 22
10 20
5 28
18 20
12 21
17 48
32 44
28 44
3 38
20 28
15 22
4 20
8 44
2 10
26 30
12 25
3 14
8 48
4 10
23 34
11 28
6 45
18 27
10 43
37 42
17 24
16 25
14 27
10 31
20 41
18 42
6 34
5 10
29 45
6 9
17 32
27 40
8 9
7 21
16 30
13 19
21 35
18 30
14 38
14 19
3 22
17 33
8 24
16 20
6 7
45 47
32 45
17 43
13 28
16 40
9 32
