200 7503 87
64 41 -636 302 701 -743 -498 -314 -116 -508 -10 553 -38 967 -24 886 -967 525 141 299 794 -640 -359 -888 91 131 -239 246 -950 75 418 -330 550 913 518 543 256 -50 1 -125 -172 625 -581 -221 -397 -705 935 979 410 -698 821 247 -439 -903 -999 -486 -741 540 -199 719 -70 202 -129 -350 -919 -160 980 972 357 283 -90 637 815 815 126 -171 -28 433 -714 120 798 -933 -971 601 -77 -683 -902 -850 -671 -892 757 -321 -145 348 645 -797 33 -826 995 172 -277 353 97 -283 352 -54 -370 -96 -493 -654 24 -575 256 349 887 385 350 -569 -461 -813 977 367 -38 223 461 110 185 146 -947 -824 -391 -323 354 -626 627 270 -125 -256 -98 -595 156 352 -398 -562 -276 -199 -565 11 993 229 -208 419 995 -1 693 -441 -533 -103 75 -4 362 -843 623 731 664 -907 875 -617 520 147 476 -797 -130 246 561 784 -463 777 -403 343 -592 3 327 118 -974 612 -43 687 442 -186 592 -375 -717 -578 -998 523 -207 -30 -943 -361
31 200
6 130
79 93
36 163
27 72
86 197
27 184
11 145
42 173
12 135
37 65
124 200
39 195
65 144
38 150
18 42
182 187
127 200
4 54
24 136
47 158
10 49
21 157
154 175
16 119
119 127
67 148
118 187
79 119
8 97
89 102
165 199
49 187
52 121
45 79
105 146
22 118
23 59
102 180
50 153
179 183
69 199
37 150
86 187
39 96
48 107
48 69
123 145
25 161
46 60
148 160
167 197
82 151
33 124
38 144
71 82
117 128
103 147
14 157
134 135
42 160
109 136
139 169
131 179
93 158
36 173
156 162
168 196
69 181
141 156
38 141
58 197
62 172
77 129
45 140
149 154
47 78
96 185
2 79
161 192
36 39
22 145
149 175
102 144
81 198
156 192
24 48
21 44
50 148
12 175
164 173
78 159
30 100
79 196
120 149
86 182
127 196
10 147
46 57
70 89
18 98
23 126
46 79
127 152
56 86
37 78
54 136
30 76
95 178
89 141
13 165
46 53
141 142
7 154
52 82
161 186
3 105
94 127
79 122
31 190
121 200
81 130
122 194
7 185
49 150
79 165
55 63
113 143
106 113
25 49
78 99
16 61
50 183
92 103
48 61
66 107
31 91
2 110
63 188
66 112
126 200
33 167
18 69
74 173
52 73
5 145
148 149
41 81
72 184
3 84
1 26
7 161
8 87
24 123
70 189
72 103
130 183
150 156
90 119
174 189
5 93
130 147
162 184
16 195
22 163
4 109
57 191
15 105
145 198
58 170
73 78
114 198
82 162
53 71
41 137
17 185
143 161
97 172
83 106
116 168
78 93
56 70
9 35
5 162
78 125
11 55
17 187
16 133
43 189
38 176
92 156
42 183
117 125
39 175
14 126
46 106
88 180
13 69
83 94
124 138
162 166
86 192
158 183
68 75
74 158
126 129
1 173
127 153
23 72
166 172
38 147
13 29
16 82
50 146
8 195
20 90
112 175
10 171
118 137
96 99
120 178
34 134
98 125
65 84
57 83
8 164
136 147
41 55
17 43
94 114
153 172
41 124
61 80
47 114
176 183
66 103
81 116
29 100
4 8
119 191
13 176
121 195
167 171
28 102
48 109
33 63
12 37
99 140
146 156
138 141
50 176
32 137
15 20
17 66
114 146
44 64
24 56
108 156
19 186
18 70
180 193
109 129
86 150
150 170
135 173
55 59
19 26
148 196
51 138
16 188
20 126
36 75
147 195
32 174
17 33
7 116
39 172
116 172
161 168
76 122
100 131
43 164
79 164
75 155
108 177
155 164
143 164
71 191
65 85
59 191
34 74
33 129
115 138
70 150
46 92
7 40
89 195
23 142
26 182
26 181
2 19
172 190
103 164
99 103
63 111
139 151
60 133
8 31
8 32
78 84
37 194
150 157
128 142
2 141
48 198
61 163
42 57
10 26
44 78
19 167
94 185
15 77
98 145
41 135
45 143
108 193
7 93
134 146
119 136
56 149
16 112
40 169
24 138
62 177
20 162
66 156
27 141
109 192
123 153
153 166
22 92
79 128
30 144
156 179
110 180
21 166
34 177
42 74
151 176
1 170
64 98
107 179
8 82
175 193
124 155
19 193
116 185
178 193
85 145
3 141
40 140
104 190
131 138
116 154
149 190
93 130
50 57
69 120
17 112
150 196
83 108
2 14
76 133
80 195
74 163
19 63
61 113
191 198
37 149
73 98
35 115
28 79
88 171
171 180
1 127
60 99
34 73
5 157
113 181
60 123
20 140
92 179
70 170
27 117
10 86
5 86
163 177
17 143
99 191
125 190
23 39
103 122
83 200
70 140
133 159
134 199
95 96
92 146
41 61
30 175
98 126
67 110
113 194
23 113
47 64
78 155
10 129
87 124
2 12
142 180
12 34
51 136
52 176
32 198
33 150
2 174
34 168
174 193
71 159
5 131
94 170
25 37
41 188
133 182
17 163
55 181
111 131
41 71
42 130
3 183
53 79
31 42
55 188
88 168
79 110
36 138
8 43
109 175
91 156
39 121
14 83
96 103
30 131
1 33
28 36
88 120
55 102
57 189
114 194
190 192
41 87
32 34
136 177
95 191
95 195
10 29
27 34
53 114
5 196
152 196
107 197
132 139
70 109
13 92
193 199
61 99
23 179
47 103
94 174
96 200
1 126
63 88
74 149
61 198
36 136
44 192
54 103
141 177
50 173
111 127
40 111
97 114
8 95
40 67
103 186
21 147
30 172
41 105
60 68
26 158
12 76
94 172
123 157
67 154
147 162
23 168
127 180
90 171
10 177
17 34
14 21
87 101
16 31
115 144
26 107
87 147
93 137
25 141
119 148
101 137
16 67
62 75
22 192
50 131
122 137
36 78
114 120
3 15
61 129
45 190
11 171
31 165
10 104
13 62
130 179
134 181
116 158
79 185
49 64
39 128
6 159
86 139
40 163
50 178
194 198
115 173
5 98
6 43
62 98
78 82
29 129
12 69
22 94
68 78
53 182
5 139
73 170
43 53
71 175
142 179
91 195
35 110
110 166
47 98
46 52
23 199
57 63
81 89
101 162
21 133
37 38
94 118
32 131
115 177
51 197
48 149
58 173
36 151
140 177
65 70
100 150
133 191
54 116
13 85
36 77
99 153
15 55
8 151
60 185
76 160
100 176
82 99
80 168
36 65
11 64
151 168
44 56
45 117
157 195
22 107
8 47
8 85
7 142
60 71
67 122
22 129
38 96
57 147
79 176
36 145
55 90
95 177
19 151
8 179
16 167
37 197
115 151
101 115
98 184
44 103
146 178
74 164
21 99
11 15
104 112
16 94
30 122
11 34
19 55
74 197
27 46
93 115
54 165
22 200
100 152
177 196
17 53
126 139
74 115
26 140
55 187
105 196
10 136
8 108
18 114
65 169
127 195
117 142
137 157
67 93
1 115
89 137
152 184
109 191
22 33
154 191
81 92
108 111
85 189
163 167
13 169
132 198
40 135
3 34
110 121
23 184
74 193
47 139
142 149
82 139
105 173
99 101
39 159
1 14
90 134
88 117
62 148
61 78
50 196
95 189
100 159
121 146
104 168
139 158
12 86
113 149
16 151
56 100
63 163
1 155
26 119
130 157
101 113
78 168
43 109
64 181
124 156
18 51
81 110
81 142
56 97
93 108
107 171
39 87
81 117
3 106
43 146
139 191
44 141
20 75
93 136
75 161
13 35
69 100
36 92
105 178
53 122
71 95
46 166
121 183
49 87
18 93
35 96
95 124
32 156
86 107
63 108
97 171
54 126
171 197
129 131
65 74
120 141
72 127
50 140
178 191
124 144
43 168
121 186
35 39
133 184
164 195
42 96
108 192
36 137
84 125
28 65
20 81
33 123
50 77
35 118
55 164
20 159
173 177
147 199
70 188
23 140
54 191
70 158
13 156
97 190
137 155
83 194
102 185
81 102
4 78
120 129
112 167
35 66
47 196
106 162
116 131
21 148
21 71
30 151
112 148
94 137
119 170
19 56
57 168
135 160
170 198
48 116
30 193
192 197
120 157
60 170
65 76
159 198
91 166
99 166
48 125
83 141
2 97
165 167
104 106
62 128
118 162
149 168
157 184
18 38
88 130
20 62
72 123
133 171
38 106
44 200
93 107
43 149
49 119
106 193
82 185
63 146
25 60
38 99
8 9
77 150
105 114
31 32
62 80
34 104
118 128
154 157
17 51
47 190
67 105
45 164
65 92
117 175
47 63
83 165
59 68
63 112
54 200
163 191
78 174
46 178
59 153
101 108
99 178
27 95
82 158
115 185
29 144
123 150
9 34
66 121
17 48
131 135
146 190
50 123
117 170
159 200
61 115
135 197
148 190
27 199
93 186
31 163
176 191
117 133
66 94
93 113
25 120
73 80
92 184
32 145
160 168
84 99
16 156
12 112
9 175
91 176
92 119
103 170
18 94
51 140
25 115
106 139
99 198
23 182
86 125
3 38
96 129
7 165
139 156
73 96
51 92
45 90
86 154
16 130
34 63
10 199
27 114
62 74
126 174
16 177
32 153
65 98
15 93
45 198
14 177
60 102
12 19
126 141
108 150
21 172
99 185
113 185
131 200
10 71
82 91
22 180
105 141
55 131
31 161
139 159
141 176
58 95
51 188
37 106
17 111
78 86
24 96
5 68
41 141
41 125
60 93
109 194
94 190
17 130
5 60
45 154
34 154
137 153
58 164
3 61
16 17
157 179
43 111
124 170
67 73
23 200
70 147
24 180
136 162
33 60
26 81
2 129
62 192
14 111
21 123
20 60
112 147
144 186
52 181
78 126
54 88
5 33
86 112
152 169
47 87
14 194
12 111
14 138
60 151
47 200
55 80
63 165
61 127
13 44
109 186
24 175
35 150
134 182
78 173
96 109
2 176
62 89
26 121
20 80
40 181
73 109
111 138
121 187
99 187
72 151
14 80
73 121
113 153
94 110
67 200
6 49
54 144
173 181
28 198
28 181
58 99
131 166
14 27
59 154
22 155
98 169
44 96
10 149
152 167
5 77
29 79
112 124
29 167
139 171
25 194
41 179
13 191
51 81
69 155
97 110
17 64
133 144
46 142
95 173
66 135
93 195
47 153
87 187
60 181
28 100
1 162
41 133
7 114
82 131
10 125
94 150
55 182
20 177
106 126
20 42
64 68
99 165
160 181
25 26
39 55
6 97
63 149
37 95
45 170
7 53
12 81
60 104
153 160
17 193
131 139
32 134
73 115
34 84
61 142
1 133
16 148
109 123
38 142
9 174
30 134
118 174
113 137
172 183
83 93
3 163
11 74
51 171
26 200
35 181
17 170
120 180
62 106
73 135
59 107
169 183
27 130
47 74
47 107
57 131
73 158
106 125
102 105
70 111
26 83
33 68
35 100
103 123
59 139
75 175
17 198
88 142
57 156
21 196
115 174
58 85
66 127
40 192
73 134
4 61
68 173
79 124
131 134
9 55
48 74
21 93
47 181
56 174
150 153
92 125
162 173
8 190
108 112
86 106
75 102
3 40
105 122
152 177
26 104
13 23
19 20
147 190
83 177
49 184
38 95
154 198
10 41
118 184
4 121
73 126
94 120
84 105
3 39
34 131
139 187
65 133
79 144
20 84
167 184
14 66
71 94
31 147
6 66
107 196
143 165
26 191
95 116
7 200
112 176
4 193
78 128
11 191
69 72
51 177
13 59
91 142
15 153
36 40
151 170
61 151
6 14
151 184
138 147
52 139
67 117
101 109
114 118
38 110
122 159
8 132
3 74
46 198
71 133
83 120
22 166
113 183
80 114
44 53
98 185
38 163
100 141
8 101
35 159
60 174
41 149
28 152
6 88
39 107
86 157
151 175
37 83
36 178
81 82
19 134
17 61
99 171
91 177
50 165
77 134
135 178
52 152
12 74
53 69
7 64
176 190
140 158
34 100
25 75
76 143
18 68
4 164
158 172
142 157
25 50
46 165
22 93
181 186
53 187
154 200
68 185
140 192
73 194
157 168
92 111
32 37
41 52
69 75
32 50
101 127
72 112
5 185
29 170
140 179
19 85
106 145
60 67
137 184
107 121
13 153
87 143
36 198
22 158
66 154
27 47
64 155
120 160
20 79
41 70
89 109
39 59
123 159
62 147
60 173
121 124
85 121
123 128
94 123
100 186
156 167
159 195
127 197
53 72
23 176
6 157
7 96
23 192
127 172
2 28
18 46
85 141
42 43
21 47
40 146
26 38
50 75
1 15
141 180
133 152
152 158
17 72
86 113
16 89
59 79
5 170
4 33
151 154
68 166
76 170
75 148
20 119
57 128
133 192
28 183
1 9
91 108
112 161
52 159
108 174
31 85
44 109
120 168
55 94
102 111
38 88
78 189
18 196
101 136
127 166
7 168
83 196
130 152
128 198
43 44
23 89
73 82
51 161
26 106
65 102
115 158
73 173
95 153
17 194
11 156
10 74
150 192
58 191
112 130
106 148
53 134
102 154
58 92
28 142
62 138
19 183
85 146
45 94
135 142
2 173
38 92
105 193
17 24
49 56
27 188
161 172
10 170
83 104
108 109
53 90
95 167
44 99
31 186
133 165
81 132
97 176
45 68
48 87
2 170
2 48
72 77
173 187
31 93
149 164
9 150
151 191
31 88
19 91
151 177
98 188
80 183
1 188
90 150
44 143
72 114
96 186
196 197
77 166
21 140
83 114
20 33
24 74
34 193
35 95
11 93
82 174
161 199
78 158
53 136
143 157
54 128
37 41
23 92
33 37
89 142
167 200
60 112
73 105
38 64
30 110
66 97
41 56
111 188
12 24
27 85
87 128
123 174
198 200
45 183
27 70
20 188
47 102
7 108
19 194
40 84
28 42
15 129
6 42
41 97
103 177
50 188
51 167
109 176
1 13
16 92
72 117
80 188
2 109
29 156
111 129
73 112
108 121
79 171
141 145
17 76
33 192
38 86
6 73
159 171
100 117
33 198
24 77
38 51
62 69
6 166
77 98
10 107
34 142
111 172
91 94
76 190
128 145
15 116
105 156
29 35
7 98
124 163
58 91
79 198
113 130
19 108
46 149
34 147
7 47
14 179
9 79
61 67
88 163
181 190
87 115
75 195
138 179
5 7
122 185
82 175
63 172
5 147
91 174
38 80
34 59
89 106
152 195
22 49
62 176
146 160
67 153
56 194
9 142
128 164
27 37
38 151
98 181
68 125
26 173
46 49
96 130
11 89
48 97
118 132
127 148
113 168
83 190
19 87
152 180
18 120
76 193
54 90
178 184
44 182
104 176
32 57
7 13
110 175
57 127
34 52
24 190
15 140
109 141
105 126
48 101
69 123
57 79
106 132
89 127
52 101
92 170
41 175
28 44
81 123
117 199
44 197
147 151
124 194
51 61
82 148
123 195
36 48
60 120
1 136
55 98
29 99
83 163
138 191
105 166
32 91
128 159
27 112
161 176
99 110
19 77
108 144
46 55
80 145
24 53
8 161
90 180
13 124
149 161
43 155
80 115
29 52
103 166
29 118
154 163
128 163
16 46
174 185
50 151
115 120
132 160
151 167
170 192
144 195
42 46
57 115
64 115
14 72
3 155
79 86
9 23
39 193
54 78
69 113
79 169
147 158
56 146
45 169
29 101
4 163
94 116
96 196
40 69
5 126
108 114
19 32
24 62
83 96
51 190
34 118
78 169
130 137
155 167
59 193
138 196
82 170
149 187
113 198
97 133
6 83
140 151
21 143
32 132
64 69
84 97
100 139
141 200
31 114
5 140
66 100
175 195
42 169
150 189
94 117
100 115
115 127
58 125
51 124
107 115
94 122
3 99
115 183
82 150
6 180
36 38
65 174
106 183
21 142
28 133
16 106
102 115
52 150
106 188
25 119
8 84
117 187
44 55
105 163
8 169
37 175
181 194
191 196
80 196
89 135
25 98
39 103
107 126
120 182
32 191
65 107
65 121
55 85
8 128
10 32
10 141
88 191
42 199
41 94
115 153
8 177
75 91
187 191
32 136
34 46
42 142
84 168
36 108
49 141
19 39
144 177
156 158
72 108
17 27
45 89
14 130
48 184
80 190
183 185
95 183
13 163
162 177
173 185
66 169
85 96
68 81
43 100
104 188
18 159
32 144
35 155
17 175
131 160
9 87
64 112
43 127
84 163
34 49
40 63
102 109
163 172
34 191
93 160
73 165
33 47
49 165
8 86
45 192
124 139
89 182
134 161
34 37
64 82
133 136
29 179
111 192
48 85
15 61
23 124
11 13
36 152
10 190
7 16
45 148
22 148
50 59
68 195
62 127
28 177
7 143
96 175
125 191
121 128
91 165
175 187
25 187
130 161
89 179
27 166
77 131
156 189
39 97
40 165
59 118
7 19
132 178
91 190
24 78
9 86
98 134
32 90
136 168
157 164
1 98
115 192
2 111
28 176
41 148
98 191
67 106
12 159
118 134
24 169
27 172
49 127
159 168
115 119
43 118
134 177
129 150
33 40
52 188
65 89
5 87
23 94
47 81
45 197
61 145
20 163
64 148
10 186
44 131
157 187
113 200
13 102
172 181
34 70
56 141
37 51
155 158
156 180
105 148
34 162
78 105
4 161
3 83
2 98
82 108
43 89
13 192
14 50
55 79
83 162
47 185
43 115
36 146
45 193
53 138
136 171
37 187
92 108
87 105
49 174
37 198
53 77
35 196
75 183
101 200
14 186
100 112
116 191
104 147
46 131
6 10
18 152
10 113
97 186
41 83
154 192
106 180
170 180
116 147
79 92
54 60
59 89
71 98
4 135
86 141
66 185
31 133
7 187
175 185
9 146
43 188
5 26
14 61
20 56
6 12
7 197
25 59
4 191
55 192
4 14
14 178
67 81
134 170
76 173
27 63
153 193
100 156
26 41
9 13
111 136
31 63
1 125
97 160
47 162
71 73
4 92
87 175
23 38
24 44
170 179
110 132
59 82
29 86
15 73
27 62
36 129
142 174
78 140
4 66
62 197
12 188
78 111
19 25
19 62
108 173
7 148
29 61
165 191
124 140
66 131
50 92
122 196
58 137
153 162
82 125
155 192
11 143
15 26
48 183
56 57
78 197
20 106
30 182
119 154
128 135
79 130
110 159
86 167
68 182
59 64
115 193
72 87
107 108
137 177
122 149
28 98
73 87
120 121
104 180
71 145
142 181
40 86
99 193
1 145
42 86
46 94
125 159
44 93
71 108
77 109
168 170
164 196
143 191
93 152
45 102
10 191
62 118
87 195
61 64
121 173
89 157
172 180
81 139
137 146
114 143
26 79
109 114
189 197
88 121
35 177
116 130
133 155
9 134
107 109
31 132
136 152
25 180
44 97
4 110
27 115
18 77
43 64
100 184
12 133
1 179
5 65
68 146
72 194
31 193
67 72
93 167
67 121
73 79
158 200
138 150
48 193
121 180
63 121
91 191
10 38
143 196
134 195
75 185
81 105
38 101
45 73
80 120
34 127
6 90
104 145
48 194
63 132
129 155
84 139
142 194
154 169
10 31
58 165
117 189
16 54
1 42
98 170
12 156
84 130
7 32
43 158
70 166
80 177
3 19
2 49
6 13
52 114
82 168
7 50
144 181
15 101
73 137
3 192
45 63
123 165
23 75
10 82
78 113
47 125
30 82
3 35
72 107
10 200
32 139
161 179
129 193
129 188
107 188
50 95
40 182
103 187
92 120
80 126
22 37
8 181
25 108
6 33
19 54
96 138
107 118
161 189
43 191
100 195
33 137
23 57
107 120
73 85
91 107
38 104
53 96
48 84
11 114
132 183
24 176
32 97
36 134
150 179
34 83
131 147
6 126
58 145
51 75
9 80
154 193
66 120
4 98
99 128
33 61
133 162
5 85
91 163
72 76
3 177
85 87
63 134
37 60
39 45
120 192
63 118
53 117
154 173
129 153
74 199
159 185
11 195
188 193
50 108
23 162
131 171
79 95
61 143
69 118
93 198
27 154
131 155
28 157
41 166
48 185
40 115
86 162
32 155
18 138
56 64
138 188
78 154
17 124
11 174
45 158
18 135
34 176
110 200
59 136
51 147
123 156
138 167
4 153
46 72
8 167
96 161
31 68
4 68
7 10
81 128
45 91
165 175
75 124
4 132
89 98
93 119
23 110
183 198
176 192
64 84
71 199
48 164
14 109
21 112
4 107
43 96
17 63
48 103
18 22
83 118
58 101
87 89
21 94
57 107
6 171
32 157
5 17
125 192
80 107
16 42
71 156
50 185
52 183
27 42
16 93
50 184
87 127
54 137
29 146
17 67
79 197
24 148
72 167
62 66
14 182
19 60
174 182
72 126
59 175
34 148
82 123
9 140
51 131
153 192
135 169
85 105
20 43
63 190
25 198
18 95
54 127
154 199
36 135
85 150
3 170
68 101
4 82
10 85
65 116
7 28
59 199
8 69
19 126
93 182
61 140
27 198
76 84
142 191
37 66
112 153
67 194
116 122
4 155
132 194
45 184
134 138
76 196
144 148
34 48
101 173
182 190
25 132
29 94
117 122
95 131
89 165
153 183
111 171
103 193
103 112
103 121
99 109
19 75
179 199
10 24
14 168
27 77
18 103
24 67
91 199
146 195
51 115
155 160
157 181
71 164
90 110
154 156
22 169
103 165
9 43
160 177
22 108
140 174
6 200
61 65
30 37
20 91
6 133
120 184
92 129
3 4
116 197
8 54
48 191
67 172
43 83
12 137
40 161
26 169
19 198
94 162
63 119
32 195
3 59
21 155
26 96
17 52
6 84
4 19
58 196
22 178
6 64
1 159
8 147
95 100
8 140
57 133
121 154
37 180
58 182
130 169
35 189
133 190
123 200
107 125
109 112
68 96
11 50
5 70
10 50
161 177
118 156
128 160
146 173
36 183
102 116
43 195
31 81
73 101
156 178
173 197
99 113
75 164
78 161
110 165
1 169
178 200
51 198
116 142
123 193
130 143
99 104
105 115
22 165
146 165
41 107
40 118
80 143
17 49
95 106
136 146
15 159
10 77
59 131
96 165
26 162
39 124
27 52
128 140
50 51
31 138
98 176
89 95
28 78
13 113
127 189
188 196
138 149
26 68
86 123
91 153
38 100
74 177
104 119
119 156
92 133
4 7
81 96
76 135
4 165
34 65
108 176
71 103
70 180
7 56
43 46
12 64
107 151
51 68
157 197
34 199
49 170
91 183
72 106
142 198
24 192
67 149
55 168
54 131
44 47
53 163
101 119
36 158
71 128
33 154
71 147
37 99
40 89
87 164
37 124
36 54
107 144
12 41
123 196
126 186
60 156
47 104
29 113
115 199
12 97
20 117
98 168
6 161
12 115
14 38
34 82
71 195
61 120
14 113
142 193
36 95
4 194
134 143
6 89
21 175
184 200
103 156
92 163
43 160
120 153
64 97
24 193
52 65
44 128
45 66
41 118
53 112
113 180
83 171
115 198
56 65
119 182
6 105
9 100
66 72
144 192
152 171
88 156
86 114
6 170
41 190
5 71
57 112
108 152
66 153
153 156
27 57
37 93
110 162
138 153
12 170
4 81
35 102
18 188
17 65
169 184
53 132
8 175
58 80
53 158
162 174
69 173
10 91
91 167
109 157
5 119
22 119
127 145
52 123
130 153
28 93
142 188
88 157
51 128
27 39
163 187
117 185
28 58
89 125
29 76
15 109
14 112
61 180
121 174
19 148
101 183
31 82
4 144
17 164
9 152
185 197
73 174
37 137
95 180
98 177
46 177
87 184
13 60
113 158
42 47
5 52
96 171
33 176
158 176
68 164
7 152
21 73
95 184
44 134
77 186
158 181
29 51
90 93
106 168
11 118
26 150
97 107
196 198
71 197
68 133
5 176
47 136
97 108
57 176
26 52
125 150
146 198
111 181
141 173
91 98
3 108
24 125
146 186
63 193
161 198
85 190
48 196
90 196
20 171
41 138
25 111
93 98
48 120
137 197
136 186
135 158
96 168
94 199
33 127
91 193
125 199
82 98
135 188
97 183
23 180
54 93
69 182
35 156
58 153
3 103
38 133
192 193
120 175
11 194
129 169
98 112
169 177
18 23
64 162
130 167
70 179
62 186
31 176
113 140
24 31
12 158
25 97
18 182
194 200
45 156
128 131
68 105
59 137
2 106
101 187
33 138
16 128
70 155
34 71
99 180
76 124
39 137
47 84
129 161
109 174
15 162
15 78
28 131
147 166
16 71
114 164
11 102
28 134
43 187
11 121
49 58
21 184
37 133
17 141
64 110
187 188
22 182
30 75
43 88
40 173
143 174
148 182
49 77
18 179
100 123
38 138
33 174
91 189
56 99
23 163
88 194
38 81
46 51
30 44
132 189
48 200
45 157
47 101
40 185
29 157
72 154
2 178
102 189
39 99
34 153
84 126
136 189
144 191
55 58
42 140
9 173
76 126
4 41
33 62
41 156
59 135
66 200
68 149
3 151
115 118
9 176
51 103
2 161
10 175
10 44
114 157
106 135
86 195
92 164
11 97
24 93
71 192
86 138
72 163
76 150
6 11
22 184
130 150
47 195
35 53
8 143
46 186
10 165
99 151
33 100
56 190
5 164
104 154
96 122
27 80
58 89
104 146
26 135
57 120
2 197
24 59
67 120
17 139
117 191
113 131
15 114
25 188
104 193
183 187
186 199
29 178
83 128
147 191
123 146
51 69
116 192
90 184
118 159
131 169
27 179
35 179
26 177
16 69
190 198
9 108
116 126
21 30
60 127
41 44
15 51
26 28
11 158
81 162
56 121
61 126
126 193
6 52
94 163
28 114
121 177
52 170
43 81
79 180
90 138
75 190
63 72
79 181
30 88
53 172
146 167
92 137
6 186
109 153
116 199
133 197
6 172
60 172
65 91
70 128
56 103
84 137
22 75
86 132
129 189
20 95
133 188
85 125
3 54
181 185
44 70
5 45
146 174
30 147
66 75
116 174
134 167
37 183
68 163
34 66
107 166
99 144
19 144
42 161
2 138
141 146
122 165
129 160
104 166
131 148
25 78
166 170
42 185
29 50
45 110
6 76
21 85
192 199
44 188
71 112
37 191
13 43
3 75
1 24
7 89
37 153
186 193
43 104
145 176
55 56
16 163
164 199
126 146
116 186
136 172
67 191
122 142
40 147
12 87
35 62
14 117
55 193
111 146
54 189
106 144
17 133
7 156
26 183
48 147
128 137
96 114
13 144
73 147
107 157
60 114
58 157
36 53
13 68
55 138
78 150
11 148
1 174
24 43
76 162
59 112
37 135
93 199
96 153
55 191
27 53
129 166
13 76
45 104
137 159
6 148
66 136
26 39
144 154
137 196
126 188
68 159
27 109
39 47
5 74
118 151
64 132
115 150
79 173
46 187
8 119
154 183
2 9
34 107
93 147
8 117
28 125
114 163
73 131
113 161
10 64
112 189
99 148
128 168
132 173
39 50
41 86
130 187
26 123
150 169
107 113
45 161
106 152
40 126
162 188
177 189
143 169
54 85
90 145
105 119
73 181
20 157
75 180
45 177
103 182
100 196
59 80
18 57
157 161
59 110
73 100
93 168
13 91
106 134
46 101
49 129
42 153
77 95
80 161
138 143
142 156
66 199
153 157
99 192
53 152
106 137
25 190
40 66
125 141
30 174
105 171
88 153
84 176
89 126
19 182
82 142
115 168
27 110
4 97
47 91
52 138
107 141
50 116
174 199
60 199
17 73
46 103
35 123
13 105
49 144
27 106
81 185
22 39
59 170
149 158
37 64
31 160
134 185
19 58
77 99
178 186
52 145
120 122
97 168
118 119
87 161
24 187
91 200
103 104
4 39
82 92
13 143
60 91
107 200
119 196
13 138
85 137
10 143
83 92
73 150
155 166
26 53
138 180
14 167
2 70
13 31
55 118
72 133
128 139
5 89
17 75
93 165
20 155
74 97
66 132
19 45
21 32
54 184
69 76
59 181
66 119
20 132
99 168
5 113
11 94
101 196
37 96
55 122
47 93
133 177
63 196
39 53
110 131
159 161
56 135
105 124
42 159
96 128
113 141
99 120
47 178
6 34
58 139
67 181
11 46
106 189
21 26
2 52
48 77
64 140
48 181
128 170
90 131
31 49
14 39
78 95
38 76
48 128
102 124
59 174
51 108
22 40
48 144
57 81
115 117
11 123
31 191
75 78
95 186
37 167
40 131
88 124
12 183
40 104
72 84
35 85
75 96
55 82
173 196
78 100
155 186
115 161
106 164
61 96
91 124
106 119
63 114
41 112
13 47
39 101
100 127
69 188
59 189
10 92
120 177
96 156
59 69
13 145
48 99
128 166
20 174
81 170
15 124
20 49
127 136
112 128
9 102
15 130
4 114
56 145
90 199
22 96
93 124
7 131
170 178
10 111
100 198
33 189
113 127
48 153
39 141
112 113
24 153
5 23
108 184
17 45
24 80
7 63
12 95
7 144
137 170
17 151
183 190
29 171
66 186
132 157
33 193
10 153
61 148
60 110
28 67
64 104
99 197
116 136
10 148
5 41
10 134
35 167
73 133
2 149
23 122
61 106
129 187
75 169
2 131
56 58
86 170
76 172
7 136
19 118
8 173
3 156
91 136
16 136
74 181
66 101
21 58
62 142
155 196
44 54
83 105
74 105
38 140
162 196
86 93
26 120
86 168
29 36
6 117
96 152
1 99
47 124
2 139
46 180
20 189
98 152
102 194
53 197
46 89
64 91
79 83
110 195
176 196
129 192
68 136
59 140
65 128
123 170
109 140
1 113
26 127
107 178
16 59
28 109
63 67
74 125
69 156
32 123
189 195
1 2
78 91
87 135
4 139
16 43
10 21
19 174
57 135
6 132
64 122
63 81
45 101
22 137
67 68
35 162
93 173
66 84
75 126
65 149
56 128
37 53
12 36
96 162
41 89
136 181
87 90
18 26
84 142
60 191
91 122
56 74
13 133
25 116
95 150
38 161
167 188
94 164
113 172
87 176
44 183
40 61
2 126
23 173
113 136
5 51
6 35
147 187
134 158
20 110
8 149
31 80
107 124
75 130
47 99
99 119
44 50
63 167
98 173
127 170
107 145
11 185
102 127
110 174
52 63
152 156
2 94
53 165
83 155
10 152
14 89
91 158
50 114
37 114
7 106
2 40
84 172
30 163
9 161
3 152
42 131
4 45
150 159
149 179
72 158
102 196
52 60
42 137
30 68
116 177
146 194
95 192
79 89
8 125
83 125
32 133
76 163
117 186
102 114
34 120
87 179
85 162
108 175
113 147
95 144
49 126
164 184
133 187
12 44
25 136
105 117
89 176
20 125
65 88
140 148
115 166
94 138
72 94
70 123
23 67
193 198
47 169
52 102
25 138
5 144
58 166
14 160
139 182
61 123
51 120
94 144
27 192
5 66
52 119
12 56
20 130
137 164
105 111
90 170
145 197
9 165
113 167
82 180
7 158
12 32
54 115
99 130
170 196
132 140
20 198
88 93
32 67
95 170
10 68
169 191
5 169
117 154
36 125
53 161
55 120
54 196
103 160
81 196
31 115
45 65
21 86
65 171
80 123
4 145
40 125
62 150
64 190
105 180
25 103
19 158
187 196
20 116
10 61
46 173
69 172
81 152
20 122
71 76
77 199
125 157
60 149
9 78
2 128
36 144
58 59
45 52
39 77
92 185
162 200
91 95
70 105
4 93
4 134
17 136
111 190
51 153
95 98
62 181
10 62
2 67
133 135
12 92
47 115
185 187
24 119
5 166
109 185
125 156
80 185
121 165
35 186
120 186
60 132
88 181
75 178
172 200
31 45
12 110
72 168
87 122
27 125
52 115
42 102
138 161
21 88
134 148
142 168
84 151
15 36
113 166
135 192
54 170
40 142
23 96
20 121
20 160
58 190
21 36
16 87
34 187
7 78
68 145
28 144
124 186
31 181
98 148
51 159
158 178
19 114
166 173
120 172
55 69
76 95
34 171
80 127
47 121
170 195
3 79
168 190
105 168
5 121
1 190
60 76
5 187
14 56
20 52
90 141
13 25
63 151
35 148
87 96
69 105
90 102
10 65
1 60
127 185
182 192
52 56
102 142
118 148
137 179
154 176
7 198
128 133
51 168
101 132
114 147
98 124
45 76
36 56
79 167
3 142
79 99
77 127
14 68
139 162
113 116
78 145
54 104
2 50
96 169
13 185
134 175
135 159
33 79
33 73
141 149
143 177
96 170
12 120
94 132
185 186
150 154
22 197
118 144
14 26
39 108
27 48
148 158
127 132
4 51
80 157
48 108
51 72
128 132
127 155
34 164
63 166
42 68
46 126
66 76
22 160
75 103
141 169
117 139
55 137
23 151
27 111
15 40
76 112
57 60
8 191
132 185
33 195
53 169
35 139
81 160
141 162
18 64
18 54
147 200
75 94
63 180
31 100
84 159
35 119
6 55
95 123
10 144
42 167
134 149
68 118
51 56
68 91
62 115
87 140
119 121
143 160
95 158
31 168
108 118
1 153
82 107
17 118
51 180
162 192
78 178
5 57
15 16
37 132
75 181
60 107
171 190
16 109
78 164
31 150
7 27
122 184
5 135
102 134
16 28
7 171
143 147
168 183
104 148
116 189
72 104
86 103
76 85
31 83
45 99
101 142
116 119
18 165
125 153
74 155
80 124
48 173
85 171
36 142
137 172
61 62
39 64
150 181
67 131
117 190
49 128
8 91
58 193
158 168
166 191
75 117
61 135
62 124
13 79
130 133
18 184
32 62
30 53
91 114
93 159
29 163
19 30
25 181
82 177
37 75
106 161
162 193
61 199
13 32
158 186
93 128
65 194
91 179
37 39
74 106
72 82
78 185
113 154
185 195
72 139
50 109
16 64
70 193
67 127
15 33
123 138
59 148
6 136
24 45
12 88
2 60
118 141
48 131
56 122
8 138
86 88
38 165
76 151
51 178
3 181
82 153
109 195
84 122
165 185
52 168
62 82
40 78
14 175
57 93
122 168
37 55
23 64
139 142
119 157
56 136
30 190
33 157
140 166
176 184
56 153
26 40
63 122
26 148
144 189
46 190
70 135
56 87
8 35
48 63
103 110
149 192
58 108
173 200
77 123
51 158
31 198
1 53
88 107
132 190
155 188
21 83
69 107
12 57
19 168
78 115
92 136
151 166
37 61
126 169
22 196
14 139
58 76
62 152
114 129
46 153
9 40
89 145
1 82
40 42
153 199
142 173
78 136
64 200
44 152
70 187
51 134
17 200
75 109
55 61
42 186
15 117
149 199
32 52
144 185
85 86
19 49
4 62
61 136
104 115
8 115
123 142
29 174
100 153
3 136
113 189
13 115
29 184
115 148
1 16
62 149
108 165
151 199
127 131
27 189
48 132
39 171
58 177
60 113
81 84
43 161
16 72
72 129
16 143
76 92
27 185
6 9
22 124
18 88
119 199
29 42
32 108
87 166
33 164
58 68
125 161
153 191
23 193
13 127
59 122
10 158
38 94
60 200
67 185
130 168
65 167
75 77
29 47
112 181
19 115
156 157
69 70
66 171
143 181
92 102
123 130
37 177
74 141
60 162
101 140
82 130
59 85
101 128
153 188
152 199
28 117
11 161
125 169
59 171
175 192
182 200
80 132
97 134
48 81
70 77
38 108
82 145
78 123
166 195
24 101
49 116
128 180
76 99
18 132
150 172
132 184
78 114
133 193
53 121
27 36
64 133
14 91
126 156
56 165
69 92
27 32
61 63
3 28
122 186
57 153
71 163
95 103
23 77
44 136
89 120
2 62
160 170
105 151
2 102
55 77
2 45
68 142
66 99
42 179
40 75
124 188
79 150
94 102
47 97
142 185
124 167
39 119
99 188
55 197
54 159
109 150
103 133
10 15
43 82
78 152
111 145
58 70
168 189
120 181
3 125
11 41
65 165
39 179
46 82
41 197
78 79
81 137
56 75
6 195
76 108
176 199
101 154
8 154
40 119
7 137
83 112
67 168
28 68
18 151
74 107
19 47
22 120
47 85
45 144
84 91
77 108
19 142
168 197
35 106
14 148
32 189
9 163
20 59
22 164
125 175
27 60
25 42
90 182
44 171
92 101
84 182
122 176
51 148
44 175
48 126
13 162
83 158
46 138
79 182
121 196
22 125
111 116
33 74
57 151
82 189
62 104
8 199
41 147
41 80
101 181
72 166
53 195
122 134
124 190
30 85
128 175
5 46
61 157
143 151
81 147
110 189
36 172
89 93
4 101
52 140
73 103
44 151
67 133
4 189
48 56
69 128
54 89
5 106
85 97
105 154
94 184
143 180
8 27
137 141
5 50
77 97
29 177
114 161
117 168
127 162
27 75
42 95
81 194
58 160
41 122
25 160
105 112
179 200
19 61
13 14
140 190
156 174
15 27
47 59
80 83
12 178
85 154
11 178
71 93
67 159
125 193
74 101
20 199
24 181
73 185
109 117
159 182
140 195
57 160
67 175
50 105
169 182
51 157
75 113
39 82
11 134
113 139
25 199
33 97
62 158
56 200
35 185
69 119
27 98
69 159
191 195
68 191
26 70
13 26
150 186
163 179
62 193
7 59
87 100
54 64
39 75
79 168
27 116
9 94
97 163
163 185
54 66
74 80
10 19
8 92
75 98
130 171
83 123
115 160
101 126
54 141
35 129
74 119
24 137
30 64
145 166
148 179
10 57
38 160
138 154
33 108
58 106
45 145
52 146
38 120
12 164
7 101
135 172
1 144
105 136
24 28
131 145
65 164
9 144
47 161
86 129
89 136
78 170
45 126
152 157
146 150
55 186
46 113
25 90
39 152
65 81
82 164
166 168
73 93
88 127
17 89
32 172
65 93
129 151
130 197
15 122
34 123
122 152
33 80
93 185
94 103
35 89
116 182
98 163
49 110
65 108
20 86
131 174
1 75
18 106
49 80
85 112
25 168
71 172
78 92
4 96
60 129
9 196
14 183
159 177
73 99
3 29
184 194
35 193
95 152
136 150
6 114
51 94
125 178
158 179
46 54
10 46
122 180
14 103
22 65
29 66
74 171
44 80
42 150
18 177
3 107
76 197
39 148
7 57
89 129
60 64
111 121
48 192
63 98
62 187
41 69
138 142
112 188
90 153
79 136
71 143
30 137
7 122
48 83
56 108
65 189
76 148
98 115
116 152
104 126
120 193
95 163
31 175
3 126
83 164
57 145
55 119
46 107
86 110
18 99
92 135
145 180
101 138
113 117
114 139
36 51
158 160
50 89
122 158
78 139
8 57
99 175
47 194
12 73
125 139
39 184
37 116
4 130
167 199
11 179
63 173
87 130
97 128
23 65
129 139
82 165
30 180
63 187
71 87
8 33
92 140
69 136
21 126
135 163
7 119
52 72
60 103
6 156
125 197
73 124
66 143
41 178
61 128
30 141
51 183
124 129
14 162
174 177
92 96
13 42
31 34
175 186
110 147
49 53
50 118
14 75
153 196
37 107
86 159
65 123
10 132
73 171
33 99
8 72
147 164
13 38
67 139
1 12
31 182
129 146
56 120
28 199
77 115
75 141
63 135
62 78
54 81
155 187
12 138
61 179
146 157
125 187
132 165
93 112
146 158
20 192
61 192
67 107
3 73
84 129
98 118
27 107
161 181
49 151
82 184
57 177
56 189
111 161
80 180
69 93
71 84
161 188
38 102
7 145
168 186
183 191
72 143
108 187
44 159
106 190
17 149
7 90
49 109
11 90
50 124
49 83
157 169
38 137
29 104
57 82
56 159
29 81
32 115
124 143
45 113
50 136
35 71
25 36
25 81
44 98
92 116
80 144
180 197
77 121
86 100
64 87
52 67
16 120
37 63
60 97
51 55
16 179
111 124
11 131
32 75
39 189
19 40
141 150
109 159
30 127
99 199
53 137
58 199
60 142
75 156
41 63
85 151
2 112
187 199
152 155
103 143
42 54
129 186
194 196
40 90
11 57
24 185
20 53
74 117
172 173
98 153
47 55
72 116
60 96
39 71
97 187
44 186
111 170
71 136
15 111
161 163
16 80
170 188
14 191
48 179
47 111
139 185
49 124
15 89
121 157
169 199
165 198
53 139
71 185
109 115
10 161
118 177
51 84
2 83
31 52
34 136
24 65
72 198
33 64
11 86
60 148
40 83
140 141
116 129
35 94
127 158
110 187
2 135
26 58
2 140
184 195
22 168
62 116
21 198
57 161
144 159
19 65
46 73
90 97
69 196
27 92
85 115
113 152
47 171
33 182
70 198
151 200
29 45
108 162
47 133
16 29
114 153
43 68
59 100
154 187
8 186
29 95
110 128
96 140
82 178
64 165
37 148
110 182
44 179
44 118
105 183
151 194
7 70
45 178
15 43
29 193
171 195
130 155
71 99
138 158
149 155
179 185
61 85
99 155
20 22
131 188
24 102
18 131
81 140
179 184
19 175
25 134
25 175
59 98
9 31
132 156
120 144
1 81
23 189
125 186
14 52
34 105
100 147
19 100
56 158
7 146
69 171
33 120
16 96
11 81
128 156
50 169
46 151
24 72
17 188
1 8
11 60
147 161
45 179
167 169
29 195
11 45
51 98
37 179
56 79
39 51
33 115
25 173
15 173
11 70
5 27
39 165
190 191
4 43
47 146
133 147
144 169
18 36
145 200
26 60
138 197
35 132
58 149
125 167
55 74
42 51
101 106
32 176
79 189
11 169
15 141
131 191
35 107
31 130
11 48
33 126
106 116
14 149
44 177
36 124
113 192
120 147
156 194
16 19
32 116
94 186
29 72
120 162
65 105
181 193
102 170
3 168
43 48
126 160
125 145
5 99
84 119
20 66
81 107
26 36
10 127
150 175
38 162
30 132
106 171
31 154
111 118
70 124
8 194
90 162
72 111
18 89
140 145
22 29
35 51
77 105
90 159
128 199
28 43
24 76
7 54
2 42
63 129
84 193
27 102
81 150
44 104
16 191
13 33
1 110
28 156
49 111
36 187
123 169
40 43
112 183
100 133
8 102
59 198
69 167
21 120
170 173
1 131
14 106
53 180
6 124
46 199
16 182
88 175
60 195
44 191
5 61
111 186
122 128
145 181
101 125
70 92
11 199
83 179
115 132
123 173
19 154
54 166
25 33
58 151
53 116
29 128
134 187
29 46
75 92
161 164
4 173
47 52
88 152
77 136
9 113
39 170
40 74
126 182
92 183
92 150
40 177
73 198
67 85
8 193
13 100
90 161
90 149
112 140
67 164
6 176
22 170
39 110
57 106
102 146
98 150
185 198
33 186
106 138
109 197
20 113
99 195
116 145
105 158
37 184
66 197
175 188
140 189
155 183
61 174
27 163
2 101
115 130
82 97
111 163
21 178
131 140
42 155
53 166
7 175
162 163
52 105
5 186
49 105
3 30
86 108
88 116
45 120
4 169
125 143
78 177
6 71
68 70
80 81
56 78
90 174
53 101
27 170
125 189
69 94
90 106
14 119
32 192
68 88
130 180
84 161
25 27
97 178
41 173
26 57
57 86
177 183
30 46
128 188
13 106
25 76
6 80
61 170
39 185
17 176
115 182
64 152
56 92
35 182
52 77
93 172
134 200
142 177
36 98
137 174
65 156
13 70
24 90
56 147
11 91
74 84
71 146
12 123
127 139
15 161
133 157
51 88
163 199
42 55
14 93
98 100
55 150
56 129
75 81
84 179
83 170
127 130
65 185
4 108
83 88
26 185
35 69
98 159
35 120
92 151
9 158
94 153
89 96
54 139
124 191
29 162
110 141
7 183
43 147
102 172
11 165
78 107
43 137
37 130
45 108
90 116
25 83
42 120
36 87
31 158
81 126
166 192
93 135
106 114
64 107
16 26
3 100
35 60
38 117
32 58
180 187
18 45
41 60
60 125
121 123
19 76
60 128
21 76
7 141
70 182
11 73
62 139
35 199
94 151
161 169
47 188
132 147
15 84
39 65
64 157
96 184
134 197
31 67
26 111
60 86
115 128
107 155
33 131
138 166
62 101
17 116
178 195
51 125
145 148
189 198
80 125
8 51
99 174
136 163
29 132
77 139
116 165
17 138
99 129
55 67
31 179
29 71
160 186
9 27
46 150
100 148
13 93
172 177
22 177
34 92
19 195
57 104
62 113
3 132
6 144
43 132
9 121
88 115
51 71
109 172
69 183
98 128
188 191
28 86
79 132
33 148
34 178
171 186
12 108
69 78
113 170
100 137
23 41
72 83
93 142
32 48
24 70
136 199
110 142
88 132
98 199
68 144
18 63
47 144
22 167
145 167
6 123
4 15
50 88
65 190
27 89
105 199
150 152
89 184
153 177
21 24
169 198
125 198
33 117
6 188
12 121
173 195
30 166
151 197
159 188
3 13
89 197
23 144
64 134
145 193
2 185
46 86
120 199
75 128
15 144
164 170
13 27
56 182
45 71
107 130
115 152
18 122
23 90
82 197
69 101
51 186
84 135
147 178
37 122
35 117
89 158
55 87
143 186
12 33
21 59
27 71
43 54
50 120
51 87
69 162
57 123
51 163
45 151
92 159
31 141
153 155
100 106
53 82
25 186
59 97
64 128
47 119
120 187
187 195
62 189
85 166
63 139
51 101
89 140
124 137
74 130
110 186
103 190
63 64
10 133
34 188
36 121
4 183
156 191
135 190
78 151
14 65
85 149
31 139
91 196
57 97
114 122
26 46
146 169
33 113
194 195
169 181
25 45
86 117
15 142
92 177
86 183
91 92
113 195
103 189
62 65
108 155
81 177
151 165
169 174
116 144
15 38
78 132
13 20
27 66
35 87
88 102
42 67
70 156
23 42
91 197
28 77
151 164
31 113
65 78
111 132
117 174
92 169
40 53
171 194
21 101
34 141
21 27
89 169
113 119
108 186
2 132
103 117
5 194
99 149
64 81
67 71
27 38
67 112
112 125
68 127
33 112
50 160
31 170
42 60
33 130
139 195
2 181
38 136
43 70
87 131
15 198
49 175
95 139
75 196
99 143
114 132
102 138
59 162
2 118
1 44
20 69
161 193
31 105
130 135
86 176
39 150
32 101
16 56
4 120
17 192
118 145
106 158
42 127
84 112
20 194
37 91
18 118
47 106
51 172
58 181
197 199
75 134
19 170
12 99
61 125
48 55
141 165
82 116
124 128
126 164
41 151
51 73
11 106
13 197
24 68
167 194
13 146
42 115
98 127
33 139
167 198
34 200
84 199
5 180
36 149
49 84
57 132
5 58
48 143
5 174
78 101
63 68
51 151
24 147
74 132
135 138
29 153
9 37
70 83
124 177
57 165
140 182
35 64
172 187
91 128
33 36
27 35
154 177
12 70
12 26
99 139
1 141
16 190
19 159
74 146
28 120
146 180
123 137
34 60
104 192
33 35
88 154
67 195
59 192
27 49
26 30
1 45
6 152
76 179
164 178
22 179
96 190
72 131
25 113
10 154
53 154
72 74
135 145
36 114
35 200
7 33
29 43
119 198
75 174
75 150
55 198
56 166
143 199
77 181
20 170
2 121
94 119
5 97
95 148
44 83
98 103
140 193
13 86
14 20
5 76
55 177
81 149
37 70
107 142
30 42
90 157
135 194
5 149
148 193
126 172
46 97
144 184
136 140
62 73
129 171
113 186
37 139
7 72
103 125
66 170
90 115
54 73
18 121
27 81
124 178
118 186
70 136
63 124
135 200
90 112
20 197
119 186
14 85
16 41
144 145
21 124
8 189
55 144
144 171
144 162
14 187
133 156
72 145
9 178
60 119
30 113
9 83
11 71
47 155
112 170
40 60
61 168
153 158
21 25
135 193
27 123
101 186
17 88
74 129
74 144
13 34
15 60
151 182
100 104
51 58
3 129
15 58
26 43
45 70
16 36
32 77
67 111
107 143
6 70
61 172
30 142
4 6
44 48
50 130
18 59
50 76
164 168
105 189
64 92
58 86
77 167
130 189
92 178
24 112
14 199
89 174
48 50
158 193
17 191
23 185
34 144
193 197
82 110
74 179
136 161
84 116
126 159
74 138
66 125
143 156
11 59
20 138
102 166
67 134
74 154
12 168
76 177
11 30
5 198
127 146
67 76
67 165
39 120
33 92
131 180
27 168
95 169
24 55
22 79
53 171
34 116
186 197
76 157
139 164
33 132
111 134
57 116
124 183
33 179
16 107
77 103
46 75
50 187
95 196
78 191
130 199
22 69
38 149
105 140
28 115
8 136
24 106
63 95
27 137
92 193
69 168
57 100
33 82
22 63
8 64
152 182
148 188
59 182
15 74
26 195
41 154
23 121
123 180
4 29
9 199
150 174
120 171
28 174
30 154
22 25
71 154
9 154
117 188
114 151
39 102
63 117
74 127
31 156
24 117
85 136
116 190
23 30
96 116
16 103
79 141
128 191
25 102
22 32
132 180
130 164
52 112
183 189
10 76
142 155
31 51
124 150
70 162
36 199
89 139
27 94
44 124
31 101
11 31
32 110
87 162
136 141
62 67
44 165
19 88
107 127
12 163
181 189
13 71
57 108
68 141
112 123
18 167
83 159
54 68
7 191
105 129
158 187
64 185
47 126
2 196
21 57
63 101
28 54
97 153
135 168
93 153
60 179
93 145
119 172
118 147
103 158
5 133
50 67
8 133
57 187
86 111
1 140
66 173
30 159
96 136
174 187
96 199
58 123
35 187
149 184
63 178
104 172
128 181
128 196
62 90
127 149
44 46
12 113
28 33
57 179
5 16
90 95
61 177
90 197
98 146
72 132
5 118
33 184
7 177
104 161
51 170
176 179
53 186
85 173
20 24
71 167
19 44
28 84
54 151
2 192
20 127
18 193
92 175
100 169
105 191
21 87
31 47
28 167
129 184
165 195
72 99
70 101
52 92
7 88
70 98
41 126
147 189
62 117
83 102
148 156
32 63
50 199
91 157
83 195
16 47
50 175
46 47
41 193
141 159
116 166
68 153
185 189
131 168
55 143
37 192
13 193
72 147
76 176
54 134
39 142
33 67
94 135
93 177
22 81
76 132
97 170
2 155
99 162
149 160
121 125
146 191
36 90
1 76
84 152
100 146
162 181
76 195
10 36
81 144
98 174
102 150
83 178
44 71
90 186
12 172
27 91
57 173
106 121
95 156
155 175
59 163
111 174
81 169
61 93
39 126
98 171
29 77
4 37
54 194
2 103
129 196
156 199
77 189
57 96
75 157
25 146
117 123
86 173
54 98
133 199
32 111
52 76
169 170
99 122
61 107
58 79
42 103
32 194
102 197
9 107
30 51
24 99
35 43
120 200
142 186
7 150
5 141
161 165
124 196
39 114
41 116
139 167
94 104
113 197
117 159
2 148
113 146
22 60
13 82
87 119
51 129
4 151
27 69
20 196
164 194
30 39
109 156
38 119
134 136
81 133
59 190
50 52
77 119
142 145
5 163
79 97
91 161
82 117
33 118
16 159
153 198
71 183
7 129
157 196
76 119
3 188
83 144
73 122
18 170
47 138
80 176
118 198
156 190
126 131
1 55
80 102
40 179
168 185
36 100
151 195
17 39
114 135
79 82
139 144
45 129
60 159
126 199
69 115
8 156
134 186
17 54
4 100
141 182
49 103
75 120
34 184
116 156
92 160
27 40
174 196
96 148
32 181
25 70
43 185
156 187
132 136
27 196
92 196
142 189
144 153
40 114
10 51
32 79
4 36
69 200
150 177
103 184
58 75
63 141
34 112
58 175
15 103
9 58
39 192
7 155
126 195
140 181
8 135
48 145
70 175
109 193
55 113
27 126
29 126
2 199
50 170
92 158
4 181
50 119
13 164
83 95
119 126
119 132
89 152
105 175
42 156
155 173
18 60
68 126
139 174
9 51
32 130
23 71
118 168
20 83
42 89
63 199
17 40
142 150
80 131
123 136
19 69
164 188
120 155
93 181
139 175
59 130
81 197
70 159
98 165
145 163
84 197
51 175
130 193
83 99
23 101
89 131
62 185
74 153
64 150
36 159
100 185
176 185
190 195
135 175
57 148
16 142
35 40
150 176
115 149
54 171
114 193
20 152
49 101
17 195
1 175
30 191
1 25
116 139
58 122
10 30
104 140
39 163
36 196
62 162
1 89
71 74
63 83
153 175
160 172
7 34
105 186
103 191
56 160
3 93
10 11
26 102
20 54
70 117
116 148
37 73
51 156
107 172
45 160
64 149
90 158
86 199
24 183
45 62
6 128
21 92
52 126
21 28
109 151
114 128
81 188
62 102
6 187
83 167
44 73
31 173
104 186
101 129
152 165
110 185
27 167
96 110
60 106
117 119
173 192
101 104
36 88
72 191
48 154
11 84
9 117
115 176
9 197
34 80
14 24
73 191
55 171
103 181
108 182
81 136
95 121
12 79
68 199
23 28
87 154
85 194
9 169
96 117
80 109
1 181
25 48
157 167
40 45
78 134
55 155
16 99
118 197
88 161
39 145
146 164
6 16
55 107
68 116
179 191
40 171
59 111
185 199
64 171
111 139
42 177
43 125
120 126
24 195
63 113
129 158
182 185
174 178
15 118
18 183
157 200
25 32
3 134
117 129
76 182
80 174
125 172
60 74
77 174
50 97
181 183
33 46
8 176
87 149
50 113
70 167
17 160
102 179
39 174
143 189
137 176
29 122
75 200
61 97
51 191
15 81
38 49
33 185
2 183
44 57
15 18
35 133
53 189
154 196
90 105
37 56
114 169
3 62
43 178
13 98
61 94
85 200
60 157
77 192
56 96
29 92
3 102
53 183
151 193
74 109
85 142
45 49
89 128
30 59
9 74
8 28
169 173
110 197
174 198
52 135
27 83
100 194
26 91
8 159
10 72
12 53
181 199
6 45
7 46
28 111
110 156
2 36
31 50
129 134
8 200
146 159
42 133
139 140
126 177
55 160
35 125
134 174
66 193
121 134
96 198
43 52
17 84
90 143
143 194
169 180
182 188
43 107
30 135
101 143
129 177
16 150
32 96
87 197
14 121
85 138
50 154
56 117
159 199
49 121
25 100
73 113
20 114
162 175
18 191
162 176
28 91
87 139
82 149
145 179
52 187
96 111
14 62
143 155
142 195
1 157
24 154
16 95
52 169
23 85
44 180
19 166
39 74
100 154
9 148
145 170
83 199
174 191
35 88
85 155
66 191
76 141
33 122
63 192
139 192
163 173
19 35
131 133
51 144
6 197
22 143
30 158
62 92
126 168
34 69
164 190
167 180
21 91
143 153
95 172
39 46
24 92
2 123
21 42
24 88
47 199
109 127
26 154
52 91
127 188
103 128
94 198
123 166
166 193
169 187
7 49
47 159
143 200
33 65
119 179
112 191
9 171
6 110
79 117
77 104
31 118
34 196
51 130
97 149
26 108
187 190
45 95
141 170
102 169
75 186
16 116
75 119
10 94
21 37
41 104
21 50
123 199
119 177
166 182
68 110
61 167
71 117
41 77
103 198
101 163
145 185
18 85
67 78
54 183
118 146
117 145
17 115
108 128
95 147
9 21
135 152
74 110
72 193
46 172
67 95
84 183
129 159
58 159
41 152
141 167
140 163
97 132
12 25
19 101
17 108
143 178
25 54
9 183
124 157
18 48
119 165
120 145
48 91
88 126
34 150
34 58
34 149
23 53
16 24
27 82
48 114
90 103
62 137
45 47
106 191
50 181
56 84
20 74
171 191
89 115
137 140
54 168
3 148
78 190
58 98
34 51
51 83
56 60
30 94
139 150
132 192
41 164
129 135
19 105
93 103
25 163
166 169
8 10
19 37
92 153
27 142
90 151
117 130
22 67
87 103
96 118
131 144
64 121
29 82
167 176
115 188
92 126
71 186
133 180
144 151
28 179
144 147
37 173
124 149
57 88
56 116
152 162
54 185
116 137
41 98
84 160
156 160
26 75
54 72
22 106
40 139
15 45
37 125
160 166
28 82
62 184
61 141
103 139
102 153
87 117
124 136
63 158
73 128
120 161
23 181
129 162
44 111
6 92
78 130
106 123
60 141
150 195
6 19
54 97
5 59
41 101
158 161
32 124
80 154
24 151
104 158
76 147
154 161
149 178
54 182
1 95
5 39
126 184
70 185
74 124
75 111
149 167
34 93
141 147
94 101
105 160
84 143
62 156
1 97
52 195
82 113
82 115
119 174
37 86
43 192
83 133
159 181
13 159
7 169
38 93
36 80
78 183
118 183
77 146
15 132
124 171
1 137
7 61
66 188
4 187
89 107
68 168
148 183
86 131
56 95
41 58
32 102
41 50
3 150
51 117
71 132
64 120
136 184
83 116
64 188
84 96
49 114
97 184
82 143
73 102
122 197
82 90
26 115
15 138
6 168
44 138
82 128
17 125
114 155
33 93
72 120
72 153
11 42
59 165
4 57
25 157
24 160
63 94
46 122
80 117
11 141
2 179
79 200
68 189
58 113
122 125
49 169
163 193
96 174
141 151
45 166
65 183
62 79
30 138
118 173
90 92
30 156
169 179
26 157
90 148
19 31
132 145
44 129
72 79
94 189
30 107
50 56
33 57
68 80
9 141
41 165
91 97
77 88
17 199
57 199
46 164
2 68
37 71
85 177
55 189
173 184
22 71
17 71
94 133
16 33
162 186
10 58
11 120
172 176
19 70
53 178
30 84
19 187
94 178
9 88
40 162
55 83
43 180
190 199
102 168
81 138
87 142
40 73
48 163
110 116
120 151
129 143
13 180
173 190
81 119
44 178
93 102
161 196
48 104
9 41
144 199
22 138
2 136
18 80
3 60
132 167
12 90
187 194
2 32
15 177
126 181
59 62
56 144
79 105
26 113
1 108
73 141
118 171
19 42
27 31
39 188
3 7
97 137
5 189
58 90
48 189
52 165
12 140
79 190
85 163
38 180
42 61
125 194
36 111
1 66
45 186
129 168
74 111
145 188
35 128
57 67
105 169
145 153
71 173
61 181
136 165
35 82
1 109
122 188
100 103
73 156
25 72
57 118
45 135
125 132
45 115
49 88
6 25
40 178
17 25
20 47
30 55
83 122
61 155
2 151
16 149
57 109
68 84
156 163
54 77
67 115
16 88
132 175
12 192
73 110
27 174
50 68
61 152
75 165
49 171
1 119
101 146
56 175
69 165
20 51
79 96
71 176
82 124
56 105
52 87
45 163
3 159
148 181
2 55
177 187
8 184
50 53
146 149
48 49
20 29
135 139
139 154
122 169
54 193
2 194
28 99
3 26
25 112
65 182
24 27
22 134
16 152
127 156
57 195
23 133
2 175
124 159
88 141
42 49
9 48
10 109
9 167
7 166
29 93
10 172
64 191
86 175
29 120
130 160
55 156
108 120
94 166
31 77
36 62
89 122
18 181
162 190
125 180
100 129
138 139
47 167
60 90
114 115
53 157
26 61
44 147
84 167
95 136
43 55
121 189
95 119
32 113
66 195
11 142
9 129
59 145
13 187
49 135
17 153
82 126
53 145
14 37
157 173
31 169
14 153
72 176
8 99
30 181
74 79
70 160
108 160
75 152
43 87
43 197
46 111
26 82
95 118
170 189
111 125
48 142
138 186
14 141
14 134
166 190
42 109
121 151
107 165
55 183
119 134
47 65
172 194
19 199
86 120
125 160
26 193
7 75
15 46
74 150
61 84
41 88
12 100
108 143
79 133
116 194
74 198
124 185
90 156
5 155
126 136
66 140
27 177
160 192
105 177
11 44
2 171
12 152
27 99
106 163
67 74
8 198
171 177
122 171
9 60
37 144
48 122
82 135
73 119
36 107
171 176
21 181
13 178
53 118
100 199
154 172
69 149
63 181
19 53
143 179
100 174
19 139
66 86
3 67
15 90
22 150
151 163
64 117
179 182
24 61
41 129
48 67
5 88
121 170
104 159
20 141
49 75
137 187
32 120
31 56
35 44
89 187
66 134
24 87
8 36
28 39
11 100
12 147
37 199
94 125
49 70
76 81
105 106
58 163
92 121
6 30
9 61
111 178
58 128
44 94
104 155
6 98
44 160
51 118
58 171
102 187
46 135
75 153
158 171
130 151
29 127
104 171
149 196
80 87
6 113
1 67
125 184
28 37
1 35
14 47
89 123
27 171
164 182
14 97
22 176
33 143
155 200
189 193
10 43
109 196
18 174
20 107
65 132
76 123
26 192
52 134
54 135
159 197
30 60
128 173
5 129
89 90
148 176
31 174
73 176
19 94
124 179
60 105
71 190
6 163
48 57
46 168
48 82
31 44
12 75
33 116
53 83
86 181
10 99
72 109
53 86
49 185
9 16
17 60
107 129
71 141
85 174
113 176
61 69
82 96
114 119
44 139
181 200
16 44
57 102
109 116
4 16
10 117
60 95
5 48
73 182
16 176
23 167
17 103
48 110
27 122
49 113
20 76
33 190
37 181
9 64
96 134
23 109
80 141
133 176
50 166
133 174
85 185
26 80
41 100
85 116
44 125
150 197
54 158
173 194
178 189
112 160
3 182
8 88
3 56
46 100
77 102
117 200
50 61
59 73
14 73
14 189
66 167
50 134
49 86
94 115
3 27
92 154
104 142
105 185
75 140
67 187
37 104
125 142
13 123
103 106
54 176
2 190
72 199
183 196
16 70
111 191
32 82
4 71
17 23
31 35
100 172
95 176
29 63
133 158
107 168
151 183
116 163
113 115
161 183
49 81
112 146
50 122
70 152
41 54
108 153
36 181
31 53
43 97
24 129
12 52
158 169
129 136
134 164
133 154
114 199
127 161
51 185
5 8
10 185
18 33
156 175
16 74
72 92
44 146
23 136
101 123
137 178
127 192
114 174
24 158
124 192
4 28
100 192
16 178
30 171
139 148
6 142
77 92
108 122
38 89
56 168
19 156
70 132
180 188
52 104
99 136
110 192
18 28
35 74
52 53
68 186
74 189
6 31
4 140
96 158
112 154
31 153
32 56
16 23
2 168
67 123
61 189
108 139
8 80
9 96
14 197
20 57
93 178
32 40
108 140
99 167
56 177
46 196
5 108
116 184
55 97
136 193
171 199
58 183
33 85
48 158
103 130
13 95
109 178
87 173
10 25
69 96
48 177
126 198
165 173
15 151
81 99
80 194
62 88
163 164
72 122
6 189
53 184
40 93
51 77
20 38
148 186
115 167
2 191
3 90
18 187
108 190
49 162
13 72
39 117
97 136
95 109
175 178
25 170
118 167
112 180
90 181
62 141
92 167
31 143
75 144
16 197
49 132
17 36
76 90
109 164
125 140
14 86
60 117
70 95
121 147
69 81
75 171
42 174
66 70
7 113
160 167
77 188
88 184
136 154
70 84
114 130
59 126
182 186
118 138
117 196
38 115
134 194
38 132
148 152
24 71
103 119
60 166
66 177
56 186
8 37
20 63
19 152
84 190
53 64
103 124
3 21
24 172
84 104
102 182
149 186
22 113
51 196
33 76
61 184
55 73
60 63
154 166
13 182
151 187
26 170
3 197
69 198
40 199
86 163
74 77
9 156
4 50
41 200
23 107
10 123
40 108
168 184
42 98
137 144
113 193
135 143
50 161
1 132
56 198
26 124
90 177
9 105
102 178
77 177
76 101
50 112
72 174
21 105
84 170
32 81
94 194
65 175
86 190
117 160
132 148
2 104
53 67
49 107
58 161
93 146
36 164
79 142
12 30
109 173
18 164
27 59
16 160
40 47
121 192
6 74
32 149
43 144
143 167
6 37
66 110
77 168
124 132
97 105
18 172
138 144
88 149
188 200
69 191
64 144
125 185
58 200
118 125
15 176
110 171
72 93
46 84
172 192
23 93
118 195
122 154
16 183
10 184
97 102
119 176
107 152
25 52
50 102
62 155
78 118
80 167
87 141
126 133
18 147
45 137
66 144
80 133
64 102
134 169
98 164
44 45
39 43
138 200
6 101
101 190
20 123
66 148
22 198
65 157
135 146
17 128
49 76
91 103
24 139
52 125
66 161
41 159
17 97
25 182
84 145
26 180
171 187
194 199
17 162
13 158
21 137
138 175
10 80
16 158
139 196
24 159
58 84
105 131
46 191
8 178
30 104
56 85
111 140
19 184
57 71
19 127
14 18
19 138
18 192
78 167
24 131
29 165
93 174
136 185
104 199
14 46
183 195
28 139
7 39
65 66
46 134
47 192
24 120
149 181
38 118
5 92
88 189
111 187
54 65
56 123
152 174
117 127
30 165
44 66
11 67
91 99
53 111
17 172
49 55
9 95
103 162
146 199
49 120
3 49
7 26
77 79
10 189
12 191
38 47
100 181
144 174
36 67
39 197
40 80
4 129
144 188
35 116
68 167
46 188
7 125
140 156
49 94
30 118
26 55
185 191
172 198
184 197
159 191
23 62
15 49
175 191
119 163
13 147
91 121
87 134
100 120
10 102
99 147
43 86
7 124
3 145
171 172
22 151
88 158
51 152
47 110
170 174
93 138
123 198
43 120
3 104
95 114
2 162
167 170
33 121
21 118
50 139
51 162
35 172
95 126
28 50
25 118
30 77
1 80
109 182
12 131
20 101
10 122
16 127
87 183
101 169
8 121
121 132
6 118
14 51
44 142
19 64
52 62
86 149
96 126
57 186
99 172
47 79
15 44
47 62
55 127
38 56
8 58
9 190
64 139
102 125
114 168
53 185
5 37
43 91
59 178
51 90
74 83
94 134
64 142
36 37
45 187
63 140
46 124
19 113
74 128
10 67
29 198
80 139
117 177
21 121
53 80
27 159
104 122
51 193
172 199
49 112
57 164
168 182
4 20
116 193
93 197
12 130
4 80
171 193
24 132
43 114
143 154
152 191
41 180
124 153
40 116
113 123
28 106
18 136
63 179
133 149
102 192
81 167
1 61
100 124
148 165
33 175
104 194
59 134
130 195
85 148
3 42
153 182
77 195
36 86
134 150
34 35
42 76
37 50
71 102
110 183
61 72
7 105
64 187
5 123
69 163
112 165
75 135
64 80
104 114
36 102
2 66
12 28
51 113
25 58
139 186
129 199
6 95
160 193
29 149
136 137
40 110
72 172
36 180
17 126
142 190
83 146
28 123
2 7
105 121
12 193
136 174
44 193
45 181
24 168
61 79
14 17
182 189
34 175
3 32
1 122
106 108
28 61
23 137
59 83
51 64
42 187
53 135
55 154
81 165
28 66
83 183
43 116
26 48
92 143
5 112
45 61
45 80
54 102
66 111
10 150
117 164
13 101
115 122
126 142
140 153
51 85
53 200
135 144
27 193
76 97
16 68
98 141
82 140
82 84
62 165
23 105
139 189
70 183
56 178
30 93
43 103
83 117
144 164
139 172
133 195
108 163
172 189
5 160
69 106
66 137
98 161
19 171
115 140
18 41
52 79
29 111
27 68
60 184
44 115
139 143
151 190
10 78
86 146
27 156
1 143
65 151
87 106
60 72
106 141
24 115
33 39
55 157
21 139
55 178
108 151
18 116
199 200
140 185
24 82
114 117
81 156
64 78
149 152
92 181
25 89
92 191
9 36
65 184
71 127
18 144
181 184
64 108
8 22
59 116
7 134
72 89
77 101
1 34
72 80
1 20
45 74
45 112
26 125
19 97
8 25
152 176
19 188
94 197
15 24
134 184
185 188
139 188
132 153
79 191
112 133
45 111
60 73
139 198
118 140
59 121
26 155
17 101
53 99
94 195
17 166
93 140
80 155
22 114
37 98
33 58
39 151
137 181
64 192
39 115
94 149
68 93
153 187
81 181
46 169
79 104
48 159
43 75
67 156
78 153
67 162
35 164
108 159
10 48
30 192
21 109
12 180
113 187
36 128
71 166
43 175
11 95
98 104
95 145
184 199
106 170
1 121
20 44
132 154
59 94
100 179
2 51
9 15
25 109
30 186
132 150
42 148
60 134
93 97
16 161
84 187
181 198
21 106
3 169
137 190
29 59
11 72
58 72
76 167
3 140
84 181
3 199
47 145
173 186
77 140
1 193
19 38
104 181
82 167
61 111
20 135
63 191
2 29
86 158
53 55
135 157
90 175
154 165
87 136
131 197
78 112
47 71
71 122
1 73
100 138
162 185
111 177
41 47
94 112
123 152
9 68
135 184
119 142
20 73
110 146
155 163
39 182
5 34
127 141
15 53
91 182
19 89
15 28
78 143
36 154
57 192
79 172
108 158
44 181
152 179
64 95
63 126
121 197
148 195
73 114
124 165
4 40
51 66
144 196
139 165
13 110
93 188
35 58
26 197
111 119
