3696
165
3379
1257
852
1808
801
2076
1957
1810
1105
2174
81
486
3207
1180
3630
2155
242
1012
3674
2598
2597
1508
1635
3248
2413
1626
1184
292
412
3151
3355
707
3046
917
3371
271
2690
971
288
1558
64
2521
2990
2539
488
3479
3383
2240
688
3121
812
1350
961
392
855
1002
390
3399
2742
3578
2430
2102
2445
2517
1647
3501
65
3134
3636
2656
548
3096
742
3362
772
2770
1304
3402
1633
2261
1415
2550
575
876
779
2468
1940
397
2767
846
2143
542
1266
3427
2825
2604
2820
2217
398
2588
2785
2528
2109
3608
504
3346
2116
693
131
2687
3483
2239
2704
1287
2157
2710
1599
1308
268
1294
3677
286
2620
3001
1089
3039
1206
1162
677
3270
978
2628
3428
2282
2066
1364
1462
1231
69
2054
2215
3590
2390
2721
3164
2464
1767
2243
2552
3378
141
2623
3133
1861
847
3098
1785
287
1004
1261
1532
3143
2041
1936
601
