1000000
10000
337383
301466
644495
785253
915935
246085
500951
231000
448802
242151
799623
51379
367367
627483
269971
118266
33725
185299
547263
978099
537180
231743
463138
564601
207423
802741
129792
404142
937660
146316
748943
319745
683866
82440
460870
670055
883759
519810
31701
783148
938175
672678
340855
564844
771374
605590
423820
7629
129074
283748
410237
122843
623195
750338
574856
657611
684697
296797
660822
565197
735403
679796
431465
464993
765635
276281
988892
529147
195651
281429
455441
384740
339763
600340
995785
368772
34410
597874
436330
124922
607909
533484
332735
878503
822105
112204
398847
543340
310662
956309
706694
706866
262458
768862
132453
589226
344647
819417
745830
922428
102734
564525
86343
325587
434866
142406
561429
855653
152869
777185
124988
803892
978574
739134
790474
803893
847328
956341
139158
780237
714214
893728
373741
769726
726010
416911
559410
906556
203819
59424
814427
102669
276074
955243
597033
512230
209831
152048
437808
386529
664105
902609
261059
74194
175570
419014
922549
885091
710661
300145
779653
269295
992622
894006
906493
166262
177315
526292
165158
563027
987531
417496
959523
392604
598951
586824
563880
363279
615466
627371
910386
873461
180776
74251
887810
702147
95964
692124
945647
206927
197590
838405
948652
888329
530501
855918
836880
321222
764736
140988
178134
25261
695723
958890
102384
965350
769174
905009
566749
284220
94965
785291
197985
787753
955005
148829
676287
687545
574538
637305
993518
383791
705988
637101
648864
871761
461571
997420
744842
890680
24253
961025
923632
703813
812239
452692
475321
733872
294333
648399
662494
621697
753618
430143
500573
655822
991456
897561
406989
464166
462468
2627
889355
54960
644776
125598
230986
862825
384794
971520
737582
492651
576053
518180
879725
919420
889972
854490
818662
47671
781338
891241
65088
262095
899371
117988
477334
787455
622175
265532
948384
90789
916715
936464
983085
689278
32691
222807
230103
163478
973657
702575
793537
264707
216215
746936
198685
376273
185990
848188
129269
893916
761774
522494
181079
680416
824286
929387
729266
533739
173578
831324
618802
702447
2595
815150
987689
221687
969997
519909
91293
847905
905100
143060
3873
438046
44346
547653
58246
650573
196440
640342
904016
455137
747847
548060
580631
373281
676589
934263
933805
820820
799308
690794
189156
780428
612012
934887
896322
408622
687027
58241
304452
588077
631621
533751
501037
965925
363492
402128
313774
159666
94218
955362
170331
488402
229465
493926
761980
136272
373765
620364
29298
47962
117383
738484
129747
507831
160613
367832
168276
290606
73820
128798
400585
330057
261215
422466
551185
288128
634214
269500
998065
321412
869756
429431
253283
891083
63114
143939
22638
393066
413606
45880
129356
5207
845608
869947
110221
755238
881925
814561
538216
329591
854975
129018
18941
422531
818088
945475
366481
483234
162103
480859
378543
33442
261518
432223
456954
623458
691872
114009
74111
542219
376908
455909
155399
919502
150221
867433
663652
577171
54614
794586
498734
428507
872396
375137
659913
235771
993866
451098
2447
11113
785046
549405
247047
473012
86439
135055
375723
767082
624478
386231
532222
974271
617742
645866
237781
835284
237675
572835
453508
469926
367356
769276
439674
561747
187229
995437
513888
97324
991046
814672
228897
722385
691477
96580
81157
170675
665168
881743
77787
385609
161264
313139
180993
594723
412339
790714
741152
5692
516767
887742
287527
585983
150896
735600
248821
74273
299364
105210
180939
561034
678250
959093
491286
715368
421705
240871
588845
637389
775624
581062
248729
723521
447436
809315
380352
567467
105395
65293
489034
185903
275291
653486
847495
144103
142216
956827
985253
438854
985528
814716
745920
99102
512522
997363
171096
949843
996620
509051
663895
263025
496028
33976
398335
363025
981465
494078
222242
292228
271850
321665
8502
875120
619751
105446
992698
846278
92075
865401
587989
282852
787200
318620
937128
521384
212104
764252
415775
59484
765343
627747
731542
850462
543420
890448
340140
438897
344159
312733
770516
407520
312283
904309
840475
345596
855903
239301
900311
623846
720585
202634
905296
788908
899779
339062
862787
318010
146607
823864
609162
441136
407674
513451
247172
14869
202325
152699
980108
605768
72107
537551
225117
581925
105122
762761
242106
674277
278924
458527
151541
271027
107633
740216
484622
258572
375300
647460
472174
15169
820505
728057
425571
627588
555613
93245
885107
330174
835785
583359
934251
87135
716972
642691
261536
734880
593133
305973
830086
202097
246353
604620
332400
545887
637657
799910
449833
216098
17805
497478
339163
632683
105286
423539
810362
814989
895045
354698
303738
835570
194143
29261
339753
546827
170671
834140
236444
785593
523337
490563
97068
820439
869987
299462
895243
112524
746974
878465
254892
401879
275204
421088
709193
713006
189771
120169
70881
868434
621300
727329
202307
253179
860693
68294
235372
456366
805327
427535
58820
409121
100510
22097
937218
587792
391017
920671
980030
520653
924530
413393
218076
235422
423445
742650
844803
234286
488375
84150
451786
159631
498343
537096
804990
44763
45425
951820
107400
283457
960847
755622
950909
867955
724020
498920
802129
932199
55840
701847
67354
195062
922509
602798
318329
838421
481418
817137
57397
457411
503396
301482
343965
70995
530965
7054
908858
622455
683309
928141
540798
95641
544689
245523
484565
237453
157601
21974
59454
260601
765491
456016
363894
285876
348794
526793
139149
517266
634088
213516
378162
849790
213679
892483
180556
514207
254651
280771
257743
402580
234590
308586
154000
181785
573009
615172
262123
252097
818350
106576
11324
773000
14796
200610
376288
685605
737701
803846
399507
581416
887860
563213
997901
134037
318105
222955
751836
13361
781241
886510
285890
95398
282102
163270
879977
599596
954711
448416
190927
796089
206095
189803
973235
467886
163078
542992
15630
93602
416929
992826
87757
798031
720933
354888
790688
204008
778201
408549
333755
516319
348698
216402
74095
352853
67131
35052
299968
881373
780557
82901
171820
54997
966027
570060
616566
358388
578176
137552
696943
543130
306126
874446
958962
394042
842351
976929
196989
852251
232685
72278
472091
448177
194709
915291
32665
633573
874736
155867
171998
78311
939898
642482
295125
534962
388869
742430
752619
476383
906503
465416
916872
210602
955036
522117
744128
909877
661085
317987
172319
454836
841153
540970
57073
777815
27849
593525
877173
474685
775171
213662
401648
734060
800387
582284
17451
198368
526127
975117
977943
411836
886471
850080
436102
35887
198428
459449
32309
961199
115512
676299
457245
892962
475057
3222
481665
128098
809397
146897
111546
371857
691658
25799
126176
746334
82755
94789
842819
856218
464329
621594
241347
730684
341248
919962
560689
646292
476196
867367
341489
74321
290013
427659
394077
688607
184085
666089
254673
521243
51241
225031
127974
432829
694908
546167
602010
464894
388422
247463
697163
683616
180700
26723
647483
239742
352902
392126
324554
82374
613889
49508
942911
500766
814295
902919
893487
250692
692445
739653
644703
482427
106123
786913
159139
694060
629664
160678
189966
96505
253969
901445
216746
623552
787787
829527
450315
969364
344281
257486
391157
164229
325384
309601
542050
788890
898493
240750
205922
197093
487280
397671
418852
504875
713999
32630
278670
776695
597047
356346
193873
950466
869665
236985
754695
333068
480296
389856
918806
329581
320026
160386
421709
659169
34098
68604
107748
133858
613002
2149
372203
530853
298082
149440
837713
174682
340952
720959
666957
95717
534393
630457
209859
451439
378461
849617
82830
783457
721382
318468
596117
815416
625806
700835
275590
57882
254001
128034
319424
914973
937325
416989
509356
129592
784027
966231
346090
630974
896754
266016
637216
922976
785697
461923
657991
719024
30460
522243
951859
204691
788161
808534
203673
216087
134289
533597
386331
587641
929752
533380
433469
254458
825030
565268
116521
427703
949111
34979
707976
517839
668082
442014
535631
977294
306842
73736
646715
199013
342751
978672
846854
687867
133029
927499
676727
566118
57303
914410
327204
239634
430295
421855
926774
859637
564752
418389
81724
482441
990556
716231
111633
610231
731147
664403
654041
441296
354597
108874
700373
600057
436489
229303
240861
379947
875912
99723
957022
857511
463996
874452
332936
726441
740069
145266
162119
748424
131790
633331
193648
450969
277231
943733
528511
712816
502946
295748
389206
506907
404042
491154
508795
166725
22130
755429
684422
599267
932078
572847
114538
595213
393158
980505
834928
522460
960158
187975
233632
396699
206736
554424
239486
122842
596444
850254
732031
5892
643831
973974
352318
287254
670235
450605
206232
131282
983776
489700
385635
889881
552064
974914
531306
544684
434381
187736
644439
409794
898899
316318
147929
701841
866236
746555
18517
662877
766857
438202
382319
167154
960339
549886
322275
827215
424605
84196
381324
809098
679963
846334
746814
596587
119293
920122
754566
851989
736404
845044
79081
575310
879985
816922
884935
133787
319061
562797
238228
189546
933427
407537
578724
89949
458038
104073
100248
233706
199653
346515
61402
945198
777561
94017
616730
356519
281205
124145
828083
789747
365972
236687
296157
44080
467504
12390
519535
449031
951805
191651
107842
684657
330733
17448
668994
103997
679967
497556
19808
792962
241980
294391
890220
688027
676416
481275
125406
775814
986751
957538
375054
427091
830868
937769
701687
949772
630136
149783
528290
302920
5878
123451
922027
814976
964775
400092
11998
536622
561484
297772
387833
331572
821955
445329
832174
353042
521617
359981
437511
696585
468060
774456
997561
765853
731017
42033
935127
405039
666427
752971
7834
185206
682256
153800
485392
766067
584727
715272
363303
438697
898250
296656
12263
907757
320784
821134
261413
66357
950960
681881
13441
775466
884385
132378
199024
219025
779060
531735
890370
29585
381573
14455
667139
600810
783685
534964
438931
193175
269348
509898
974935
516607
512900
880484
214205
814774
164133
118402
908418
911790
801773
362106
134440
422977
213561
123558
437869
911664
537201
79099
988773
909461
331397
791609
958188
444449
680647
951568
119386
157868
547880
555204
990167
392429
607616
23237
358086
107538
206176
820092
284920
451796
463601
345629
2605
90194
602312
760396
229379
257540
759689
141842
971254
573923
216749
821327
102880
856781
10982
970773
638432
870058
858119
668088
158773
225955
312389
79072
843666
868901
683753
277031
523127
127650
859200
895124
51499
975370
853288
787711
25810
183927
48812
406593
458454
894837
92392
288641
290447
972973
750404
33807
368342
756476
900753
738105
435825
705357
995521
116594
53863
284867
884271
495767
795791
342382
828394
303988
8262
293337
342059
384517
156515
836282
731040
637489
911755
853367
236619
889322
599681
146614
311593
559984
554031
607378
685294
788664
887755
180005
394655
161977
860161
196931
678821
415813
457464
28988
455216
872341
637749
327772
245551
385436
507461
264351
119300
187527
665517
881378
978866
243539
149884
1882
457550
158832
360717
291147
692656
754735
66952
841296
378192
488417
43487
339767
843758
267520
151325
936771
828728
457233
605771
471950
835552
261241
939382
535919
728066
822994
775513
931878
702307
138049
465038
998797
686767
953552
443504
768591
729964
146461
621445
2034
719402
661729
996781
645729
60778
175994
600450
651395
578913
455953
953220
937443
617264
25752
723537
312776
652090
314733
778407
485960
104034
579383
918357
143281
73307
908374
302116
883174
514756
533850
918787
329709
984789
288403
399644
247873
464677
52811
476717
269020
876853
285105
912967
933952
821489
703951
443928
816371
819490
46143
565305
761992
70008
8463
60552
861864
995205
924460
757680
278830
185088
352899
323794
477472
617710
732916
441558
131173
762153
441492
605174
274403
589896
69423
777916
968897
576584
608484
698941
828207
825970
489889
512734
37547
976243
17864
354497
185163
795306
735134
874839
4439
262919
356578
347705
543747
205589
927093
335354
985489
880046
678123
785556
45363
999680
331583
619021
816165
540369
82973
665165
996779
670402
675188
264170
183364
869939
309808
553557
931069
580654
241180
997130
691630
777587
209501
394318
766733
245348
870318
974788
520164
624109
467445
724120
646062
279448
390697
414953
478272
106680
979100
305010
223259
144324
209268
214252
773875
15740
207367
258123
957690
230519
181466
34622
158771
770001
726973
689948
835332
711328
520851
406452
902433
497418
220080
533039
626287
293934
916328
984173
284927
291629
89807
688347
568444
958644
242788
708637
555577
824453
26960
873756
189007
59242
160547
953676
899827
207609
78719
993168
227995
960964
321712
671725
56312
587804
287580
184113
167667
106748
258563
228495
229880
854383
832325
387843
647254
410668
677475
51112
834513
912499
16502
48109
617200
621739
697849
661568
657704
531783
796212
34184
961393
134198
131418
924101
822212
270187
896132
447609
479267
591977
401634
350482
515251
340997
959903
433174
397110
282595
569846
1567
688716
476687
800459
626825
584711
426382
258276
233164
139360
988899
779478
260912
210417
979699
671235
633939
983873
126650
658074
202195
115415
264514
790289
34087
948311
774688
385275
43399
361142
337084
747921
757154
604170
968305
328518
283822
302498
878402
154379
566104
914799
189155
950907
620187
853994
504623
947205
586450
340652
276695
792910
964712
997532
989305
339903
364073
920700
684153
166073
252851
688872
112708
90470
398889
320494
263146
963955
299342
757649
156009
188426
496777
945252
652724
955599
23310
416330
181011
167554
246395
146752
589289
943112
103894
654351
659810
678522
459383
361685
87356
988957
454971
649702
965067
941964
81604
94285
330440
100801
827525
828556
143640
302280
208520
314116
839500
601030
176890
176362
909686
909307
20751
162395
404167
710249
430631
630608
791448
539065
66798
231109
852676
264611
773813
442257
628549
281232
21865
211841
685800
725050
586646
199717
9205
327203
431207
945020
567647
927493
224362
321070
830687
288174
641167
792132
729551
363419
402016
88751
426764
828922
213308
132956
501979
774996
314820
845917
196824
438103
957810
719957
881018
181058
499732
439504
139678
293880
758378
18237
78427
581286
29562
945365
143956
855522
827931
429294
473443
970208
41337
281400
137431
988769
966982
229147
143875
150741
581820
565834
535289
63179
413595
673893
583674
30657
735649
896557
503682
608046
27770
130931
969824
303176
365575
954183
388798
634335
416146
471284
448560
203466
745938
299575
92916
197911
901672
116633
169703
137770
522795
846950
371209
27113
604132
798872
519210
680667
800750
749990
5070
842741
714102
387618
108543
766936
352810
849535
865353
466889
356852
263787
176855
992625
537485
583599
500977
663136
85619
317119
215098
796576
449757
269347
740284
337980
201942
342158
663625
761388
439694
963274
531402
638793
752652
364149
510036
391033
569185
397233
46037
977618
524146
16960
98724
986286
142158
229387
848760
920397
825279
108095
681678
201136
930681
806652
812680
252464
354977
709120
131062
516399
309178
863226
197738
211201
31585
87324
930293
991466
179224
941713
622650
357104
59789
599725
794420
436882
521799
769608
189000
309288
339419
666030
935689
52104
323645
842716
193822
294078
474813
144958
390029
520668
235212
661053
116420
142852
902369
728918
312565
66890
654230
835084
123818
883784
755276
566109
769668
975964
684282
147622
405264
713772
984125
369763
990779
392798
645932
488343
763288
252142
990476
709333
862220
56053
445697
738789
237964
484659
680409
906473
772022
750902
434593
850690
925846
875382
770091
292832
779281
76146
881400
931465
12909
509242
406438
247384
350166
877959
657818
374068
474442
303546
226716
681985
150641
544777
845616
154727
73148
176340
604673
693810
276583
884001
788885
272378
654252
542652
237975
984314
399352
128374
412384
129972
853285
588290
824062
318977
538297
901274
123500
916863
423750
746806
980313
978282
30956
912071
559695
400948
740037
613418
835263
778950
318639
760286
326436
534949
611603
325660
566882
358367
720599
759844
859940
977673
599956
160818
470360
437256
470990
558976
518009
28322
868936
834676
503318
873941
449420
107107
50044
110669
228208
599003
147427
725576
858262
38882
886923
489270
374083
150785
688345
294975
507212
820292
818515
746945
482975
275549
598022
604105
685071
73488
635251
729520
687597
448829
369449
96258
170237
770278
96282
870459
760164
393831
845047
684004
626216
614733
653690
751009
401702
11278
525373
861582
129943
773663
9929
522507
894310
157624
333100
658089
660064
658181
778829
517046
996354
935996
130978
288530
464115
885537
989978
369806
373710
168645
603718
29085
250822
679514
625754
917961
226778
838925
977370
440475
219457
936505
396835
390009
494052
927473
581502
768138
158974
158729
394975
565842
707939
638309
114920
464099
903615
389746
362779
800129
920930
722778
644682
371924
126237
602113
804221
707836
960681
24152
528176
169731
238359
896411
509434
901650
677236
697429
868094
499724
387849
841639
34948
67290
113122
571761
394250
203689
572152
800443
469550
811870
759176
912175
783212
682369
661478
820034
34769
687864
718304
913989
101158
806691
87963
168245
944966
75517
273322
962331
729301
264674
334105
471266
470840
679381
481707
165669
735544
765087
532017
966190
11702
474596
420622
951466
727886
972880
510229
232938
634990
741011
210102
179019
219912
37793
25847
274501
475551
882622
506062
848515
498163
986563
18410
735331
721768
230218
215464
679748
42591
972182
936325
797459
545399
348874
232072
406419
883934
640702
217667
34604
904014
747400
70123
71539
742024
595104
436164
104874
936275
369289
508468
689016
455464
810888
621709
297136
182681
201594
588903
445373
457160
866030
387554
540479
311294
862659
44180
698303
428012
447101
305277
970920
953538
497711
975799
608947
774567
157597
357970
364964
269703
430056
380512
251532
774145
498660
320325
427108
806753
401198
275406
15956
743132
853747
548812
646583
970252
882268
998182
364418
914619
9065
717924
970800
341008
459326
857933
81116
322411
809384
677114
138410
806799
342769
142900
309242
989243
799785
157767
182604
686622
222613
493423
644496
315922
220754
975618
22086
579256
902154
518742
630305
989275
642167
857405
557219
575388
38604
513924
886439
616498
574169
53251
888316
914380
956425
990019
219128
205774
913180
641224
420767
297555
643682
800386
137142
119152
429812
385183
702312
132055
137886
605913
392321
994629
488726
592079
611587
400672
334713
214033
772424
602456
454634
71092
148882
257704
145818
447821
578178
862146
420182
267825
932788
271889
779704
47917
953022
445195
340179
48638
293805
481357
975773
277366
696741
652288
905683
59288
538784
12838
422210
40703
555045
166504
982647
939319
648188
78890
567987
524318
153770
313069
49651
150024
60745
78425
353343
324135
571673
431367
486295
806009
463540
679240
637584
700645
737076
205286
22405
861969
75731
697393
11144
633227
103187
322545
412314
608877
368499
310855
360192
736142
555277
215690
388353
640206
296295
950626
762060
773485
206361
833519
715531
243473
57938
583841
302298
684780
176504
190895
975910
693668
975610
246945
366749
121688
639126
669721
655388
520496
713784
445526
90050
149887
684135
252675
441010
632585
795189
689154
556502
133132
221450
701788
816849
140224
140385
251282
750653
127459
748546
199995
920894
356160
904790
740045
821351
754827
775611
883721
781948
886781
126973
36803
578811
915274
824275
924796
281187
511480
699319
126674
959400
677401
740917
540064
826335
483790
600195
558183
473945
560663
435164
285765
7787
235600
292824
997236
522497
59093
708833
403421
18662
437030
768751
572626
143933
222773
769205
925068
618132
738730
415346
948012
740489
423738
979393
46413
744735
303603
924804
510513
960230
179516
785956
623624
303328
84803
491399
768581
390883
804436
311967
347019
906739
562382
569719
405542
730433
657296
358718
449465
121175
119627
913462
206481
20847
485326
384949
928180
197407
33073
630231
739541
652208
309970
157241
482748
602584
420595
153089
453940
372474
477100
774710
642049
608458
502116
676342
69920
69483
712241
87219
525531
853037
528685
705259
557671
613530
570398
141710
102439
970893
3110
607134
886976
93749
392943
198036
804257
883193
47358
728213
542900
434958
573801
816794
594793
441564
670058
554826
309823
266965
445768
102923
870133
953126
431010
458012
552309
516888
304210
405579
278837
713016
319421
67604
60875
419847
746373
438668
867164
521947
768969
82119
267084
680191
467987
376571
304346
80331
278999
762333
284243
29611
842176
337928
407456
550053
319871
3191
227491
434453
142587
979545
704433
637149
259002
193346
179566
159000
438052
483827
278716
638275
5168
522320
586458
831653
546277
505342
55548
346661
220791
802873
819018
661538
545187
572162
923093
635452
662088
668036
192137
27383
444299
485529
405615
751209
775522
815206
861161
11945
671504
664744
315285
531391
916750
249072
189995
217472
921869
225584
740804
466123
464242
51104
575255
835893
942726
28152
977276
300690
475300
273259
908026
566317
286295
893258
548738
94550
193889
893124
844210
237121
860199
695669
290283
446534
44315
206499
116043
792646
336324
458065
286935
147159
922050
323682
359679
497506
378465
472691
654672
450377
560514
673234
852829
558442
930708
349286
610463
101289
703917
955793
129591
813501
982532
9976
973339
637017
502508
799630
521672
704699
729359
541085
552279
805452
357576
294942
22665
749290
269177
743567
802091
818021
603437
480501
285899
3751
476176
419670
452942
372221
784952
675135
73330
531330
848994
12122
77395
917453
927381
373439
249974
298654
883902
555703
896848
416966
888165
183141
103042
396432
529116
512471
828486
974811
786790
54250
477225
766790
899443
747620
331645
614371
633381
219743
396128
360312
180018
39031
174917
389701
714428
737427
568383
368445
652765
608152
733079
128853
776820
11608
911419
107892
139126
20195
28754
29714
280621
306090
856364
619614
218145
6241
398722
146431
784405
713069
169069
366294
151979
151523
104846
207669
543766
695399
328818
922048
400386
290198
12298
309300
465396
779177
968881
251144
49422
691808
186983
458628
627134
823612
285733
441571
888732
243536
294288
272798
870632
462368
229873
846335
174163
916096
430112
477720
917391
712190
890875
358021
818742
271540
42016
667842
134640
963724
873195
103633
306810
971411
243851
319578
147763
723125
258487
907435
812442
64542
513373
793345
689275
628052
785036
424505
449598
340442
353032
42719
718611
277338
291821
528676
290813
605026
176664
761309
24828
452197
404975
24384
797189
826944
78990
543415
725837
11051
766578
149
889463
764667
696240
41386
565332
894179
714900
368187
515179
998613
551619
965773
506336
43877
427518
466853
623294
595015
72825
137803
560146
457544
663648
274231
414021
444995
732263
199865
796712
381831
893069
775151
688513
667342
399021
47150
124009
251103
800292
115718
320443
345660
957263
571306
963277
546293
408241
265072
805164
999374
868806
488929
633755
871948
785092
609749
719733
561985
461576
420645
709088
139497
12886
213088
434910
150918
544173
670111
957105
860072
790686
778759
384981
181370
212634
99891
254909
239035
412615
764018
605186
826558
504305
924867
382776
866052
801485
524173
399443
405962
42055
512462
527999
17888
490766
455088
620758
92582
930996
470673
188358
198588
936668
528958
907135
289850
98477
576088
262184
165848
782624
332335
203903
552335
289782
118976
706337
760187
774379
635554
820438
320397
206418
326255
902306
305181
253876
37349
203261
732592
691065
782273
969746
948259
502422
593246
324154
863142
849751
991864
144297
257509
440892
19770
489846
75604
979471
526411
960855
498785
876224
847137
67616
484770
703825
263824
454965
172261
188280
254874
391854
493574
885887
810740
178968
498048
350457
484266
299957
123641
296740
199240
444846
365305
200192
995481
885858
10748
546232
196365
352358
424147
926343
999287
436353
575058
84471
81094
527350
806538
715793
846857
764889
100311
651821
582824
78495
621214
251884
980712
569696
105955
896878
940042
74392
132398
734415
46319
246361
366890
390902
433325
170000
693451
18149
609533
936794
626667
173187
786151
961050
345392
345047
747562
684210
378063
35468
566049
76539
702182
485505
721649
119818
969869
116984
517594
411517
820689
226394
950757
316589
766087
211658
820208
421432
451289
850214
373731
725989
312553
72075
675435
933100
159413
127175
117172
88773
577074
511242
253134
118934
417107
965806
528652
461115
579550
235917
769333
166338
434864
370859
555742
405573
440074
361769
601530
317630
641483
470543
619278
660755
235593
762693
83430
244211
57470
350112
501672
291416
45884
895270
800871
652621
473407
792335
115533
879162
443492
946661
960200
429417
403084
560832
262193
376882
25747
97363
330677
41205
713735
192901
975388
94012
691765
937521
331931
214255
409704
291682
289521
1788
237952
727132
70865
169666
64878
116932
144268
194545
423021
518494
938618
651909
789038
253484
364839
234147
994392
935047
569657
671492
644043
559662
946159
234599
559598
881122
393633
807568
195148
152323
104489
778095
346191
261994
188829
327410
258842
310256
394158
412670
101400
272191
190837
480369
368915
885885
778948
347434
59085
382546
740277
924224
495885
2891
672637
185932
357192
774562
940170
917224
10769
287593
796634
970499
473753
52157
196143
40462
704409
445593
139661
831397
394458
208789
141766
578056
196609
383250
729463
789626
940891
664626
203638
601179
855619
123448
725767
766205
968927
554950
282482
448548
416124
205375
980943
184028
19782
602077
327343
816184
636271
607369
317289
665888
153586
521356
702303
25223
488166
84502
22867
442724
206370
994774
488616
252745
98778
928333
998110
567493
169968
592628
507171
75261
31033
96466
93073
837403
236245
876415
50293
472050
520116
252652
198243
790130
297465
619930
863951
58348
351339
957478
329891
774141
720843
583378
274523
843898
413469
196082
637315
499455
362904
270636
510478
177052
228289
144628
55818
390197
799144
578338
755890
869075
580605
45851
892367
103868
302125
115251
817276
268381
233551
972812
21708
981193
668785
591396
618056
415981
51031
707415
852325
120793
426012
379458
366914
405725
517984
320406
887125
682146
619655
219484
560107
945108
616788
108821
853632
296348
250320
733292
420475
8670
256096
772266
263890
249475
496948
832118
401540
7495
567387
627319
283850
220796
253781
747010
998430
972760
185192
907955
536699
184349
900225
845184
545848
37526
1306
357531
773135
223620
450801
395546
881031
575534
654954
125556
158175
83147
347152
94251
328942
103458
257222
440841
741243
904442
993554
332624
512823
210531
667886
824444
720853
904626
358272
405307
921790
976280
892887
907939
344461
214960
906715
513954
434867
326878
435097
182616
590640
369895
701245
692486
354745
364916
652978
685499
380599
789082
933246
862684
823916
173869
671036
448225
358609
451730
882189
300999
95216
14660
626125
882613
625821
488716
465128
964594
748425
573222
488583
17247
318327
162387
273872
590406
165461
59044
240723
732285
178103
785801
448381
9987
566091
512349
384192
911918
746485
754490
447483
137965
30321
406496
334010
467838
921620
616784
219056
789040
778646
275343
449181
128248
716188
819402
810004
112442
414683
953947
948137
276604
928759
707222
894414
603679
866408
71655
322441
224000
677758
847040
383386
689015
613219
263480
618388
163772
374031
709783
737815
809101
430099
651980
605986
80059
978394
549936
279742
889487
810147
26988
55357
258639
159966
519801
620220
231165
894295
818273
949912
12435
719621
386899
591259
360506
347030
963141
80037
752437
414638
502337
626760
880445
548269
407241
491409
942020
378014
788162
731306
458612
24333
141800
41766
229013
482105
541271
676902
442374
726199
56982
9545
788577
9264
22151
982763
760019
98421
246258
163460
555282
797544
571169
148430
729638
141797
702550
312485
727859
143905
331824
808390
234171
422599
436569
290847
153125
610758
748872
366453
742798
738408
745875
311673
396036
940969
442453
167531
272205
936063
40624
103557
619344
949570
125106
357341
349639
822137
69605
276971
80220
943231
203037
632877
2246
265033
815934
877954
600146
218879
218279
787603
976576
388713
834102
982933
158999
61566
281118
85313
759735
747655
737027
488542
45900
59510
713037
649265
941780
360037
911874
429148
678442
788894
58500
246693
622721
547401
851555
152046
457886
625152
722032
722667
708784
139934
95379
672209
973797
597415
830450
432107
174572
463638
651832
983992
196178
36287
45027
836238
82792
226541
436392
81232
53410
866526
435031
424323
480129
457079
657676
93175
949327
957324
743441
147199
408179
934855
329186
247556
525064
811003
722172
208326
825358
110822
487022
792158
396369
558374
429627
912442
6353
605431
497815
323098
754772
144663
740202
910831
341511
351231
626722
406149
497241
717451
939421
280046
416313
201444
861469
942501
24235
598208
243307
589566
879481
393996
936616
310870
8951
898961
717297
845864
13644
712784
851410
904386
281077
881424
407053
267812
652268
746371
814868
81443
226025
658937
914408
104741
637092
354944
654928
615086
792301
476018
827749
240796
931212
388823
211795
315979
869705
736545
806103
707197
102563
50448
2157
176414
185190
817262
579036
293712
30158
950415
767110
169430
795618
76901
962529
929087
568802
370676
848337
204713
150252
463887
157460
599572
401365
367264
787803
173009
341397
988568
389756
785371
154700
737031
864962
287771
682931
199175
977367
541262
805563
86853
97967
706232
884875
19823
430641
603186
762631
437850
458451
417311
73132
222419
169061
315584
968506
594196
963806
224431
794659
321810
624764
390703
577586
671323
923649
244375
856715
656257
397880
132687
456210
990095
17000
408489
382991
202479
205590
39616
873910
660641
388936
704634
172274
882242
308596
112019
738955
913473
410234
299650
932240
674853
820705
768023
930678
865508
493677
750520
330446
103675
423834
134747
352426
653084
820422
432285
127690
440256
121886
300936
411020
583669
403998
779832
569811
583137
794706
747411
513724
480822
493447
509843
169591
973546
662175
604818
682727
898555
413171
529556
409692
758277
806049
570108
986117
299880
938537
847404
406580
532903
909511
387996
503234
867416
865273
623924
88408
763683
612174
812217
817104
671786
643748
516529
43067
996822
486636
900888
84778
48586
38644
563148
729507
848402
440213
44314
995094
214682
713346
839117
23047
363900
767698
121717
84315
286901
146089
693500
622812
382625
220444
651579
713988
256843
92044
352950
806429
67500
440863
527172
664542
556994
953234
277404
213546
989480
695567
458339
253191
639608
600720
959194
314385
627413
218150
959263
474820
833658
179836
902079
328847
24202
540649
365159
719859
152998
578369
40811
154828
879715
306341
136013
528162
244995
589930
205162
185243
365849
524682
727095
872222
38011
725715
479289
618254
851275
716444
302739
124131
458836
561772
461920
564315
438615
565147
167091
790748
951092
634976
745150
85238
984275
349203
126827
848069
252770
332406
862357
307427
890165
699294
418850
136860
501209
784784
793200
610698
562865
444107
877282
401180
698082
563141
886454
266835
632928
917692
545475
666159
927012
189205
220880
889536
254177
978367
692121
663362
731648
65214
245169
373090
815985
499278
531026
746337
628830
387844
60669
410111
415567
880034
495682
262265
583506
366340
176234
228006
925435
583717
853041
857232
251215
438625
57970
387900
798508
447745
60399
178419
201439
368461
377057
255329
513035
219963
568762
950326
599640
230318
875784
613110
761603
844044
266860
636498
168890
163972
534062
78882
796280
708456
969545
797434
529691
412275
697075
830692
398330
889019
945912
420120
494225
42084
981405
715404
883248
129544
903753
624903
315927
235322
15445
386589
356199
928164
714809
106672
967105
488298
373191
345399
509533
280513
729326
412258
39574
169306
506385
289466
39326
874594
284558
589648
179306
925646
175423
34413
122658
792653
977855
256249
349174
883139
393546
179244
493381
767015
112730
952707
986185
683756
491331
826544
843835
223193
770964
349941
116953
482814
374645
879793
941604
692567
737183
101015
105066
824126
446195
748682
342535
394343
15777
196699
724636
312590
733134
347001
973135
960408
707285
581349
869212
652883
831671
453658
965379
514096
126018
775407
548768
708224
64530
997867
354610
683060
157375
402875
157062
398693
832489
799786
576362
787186
928163
817329
528588
771414
748593
957999
817426
959887
790835
887944
972500
836537
931366
84814
88359
326380
475666
149475
816305
991710
916101
851990
303303
6675
419671
87360
390465
734962
784462
316741
60589
464806
153658
273697
933532
170115
59857
455317
702274
892957
187154
141055
125168
478207
721661
597819
808273
681818
150497
616009
784205
26115
714480
668030
834582
220594
838880
712950
433938
243426
108017
743772
453726
728465
752824
518242
26281
284361
571011
298297
605001
202947
208748
355272
370844
405147
734107
449462
250501
746874
150740
792028
870928
97506
580114
257119
989509
245946
416324
275978
864642
40680
599127
335522
596305
325923
778979
2452
893603
366401
581260
836368
709026
997004
871648
831041
918084
738809
522047
969920
189846
34790
682337
397301
460022
605548
985867
241862
783981
673152
148776
429841
302928
47595
23436
153017
431981
666077
474648
343534
21244
151598
249937
327030
631145
20966
597219
912806
522679
964961
453783
995396
132331
413918
405200
289936
834472
515711
259001
668547
767204
434708
76409
161703
621735
940430
792717
87997
39555
688625
908312
209642
606336
651629
651658
822203
976502
449816
161959
712036
129654
700659
60410
192457
235849
965205
605212
604898
733075
93776
688331
538272
859779
394247
870722
172706
142478
581967
150153
323769
651508
317620
525135
705600
377455
133301
432214
878748
290732
131356
125347
68540
265225
449033
648889
783418
655999
618701
386929
938401
374956
51458
888026
293750
724450
393417
688138
452522
595105
268275
809942
747180
428077
390321
420363
946060
42554
965326
924517
853247
667898
590706
896520
17803
444582
265812
400941
800328
348921
34772
719814
148461
494631
143983
22960
334251
403593
716733
389407
13440
499594
969296
309352
484845
929255
323075
735801
116815
221246
266294
184830
848459
826922
980368
188106
674343
554226
394414
690941
427077
973514
951277
952792
576972
404436
256674
266684
873137
841003
91235
899618
318248
137745
168987
273258
791860
139685
907049
839980
803474
627998
720911
812580
489444
229137
852903
814779
229290
873878
110050
935862
1656
281734
722257
733101
541066
893247
809632
379526
260236
637895
879555
849193
588873
887818
708081
79804
91757
650565
388573
298542
326663
638699
718745
945863
68853
666838
984015
589132
811784
239148
198618
11635
579734
541361
314141
556879
917135
753733
253941
675394
39563
181508
324896
456958
918942
105529
515270
903793
430935
131643
310955
972497
794244
769661
369335
58848
366575
390997
530432
660261
300433
373992
390130
170205
307834
454179
847654
575809
773888
67790
853441
848869
972725
795019
731451
931338
705234
43295
943695
992286
952743
788993
302403
470527
626580
850329
383200
222794
783886
912481
344825
467542
325225
341375
714146
184681
661164
730235
802421
631346
949424
691114
130481
210147
391641
572321
467930
37638
455440
999190
679603
962742
201698
861243
904807
456076
173464
942684
77823
534439
344153
598803
751162
5588
223317
581210
776400
935188
257402
549711
295765
285581
318772
44487
336527
973301
586861
473222
41318
534371
351992
393419
118294
593345
927055
211946
160586
996008
670339
439157
923766
977535
354952
161218
478340
48508
556310
338116
101343
470783
588817
378283
271605
286945
750017
766908
756493
756700
320335
888460
858279
923555
138391
927230
115560
617432
420098
274812
89953
917569
950636
77263
144993
266409
157920
591174
966643
119146
523405
707687
171018
935131
82431
452076
595274
351405
932635
368753
145349
325041
874482
514626
882008
697415
798415
217931
547716
377051
122999
789848
196602
489152
568416
417692
901510
976343
566367
607666
166465
151576
688814
845613
902151
603494
905059
115302
663227
839651
420965
239462
277809
213160
43421
793184
689052
996140
587722
889373
111706
196198
706220
557619
886131
208495
813531
268992
384639
71418
533786
588275
314915
248407
459535
317916
163587
840535
306367
781229
974752
560817
701670
325426
566159
573908
631491
634762
468136
211981
718097
635987
573298
81179
88918
348183
794133
524214
821753
491998
143101
420709
853126
657792
448882
137406
390480
168671
238708
208537
256633
18062
377441
325653
441994
612641
804759
482875
286757
509676
458567
280456
317053
313133
536092
592583
33871
347242
474644
537401
776446
959620
989797
322958
265194
450013
666868
549554
894049
689910
295134
39366
294811
141708
499846
609381
703979
923436
258202
808659
707092
192122
351636
232179
35467
645432
601584
783061
7180
866050
371406
318211
54124
843429
437045
533535
978401
906081
336175
249740
49222
108209
565562
721423
575805
190367
844167
823168
660125
671739
12024
203536
980406
945308
994718
334128
594907
364340
51381
507526
424919
484523
781570
139878
590255
771534
327317
933778
445378
750467
53879
923204
683644
956549
679301
358325
523020
940648
387711
155871
858544
804455
171812
156859
756446
877624
574520
304031
37969
924871
455341
851411
422251
577021
328092
511204
140959
750015
761355
434276
120077
285835
356526
804656
860594
476186
757156
585046
874980
213170
275720
622137
890791
698429
870623
226812
362012
636485
573442
346452
16549
16230
166255
248349
47477
230074
57295
890090
594430
84402
662869
155858
874823
780805
496776
995445
450686
90299
949538
10207
391116
190755
240485
111757
731644
230668
536998
377445
703646
164949
768865
197387
151090
619237
445012
638199
307755
625180
108008
107418
155499
676288
504021
918146
232852
234117
792213
854787
865916
868283
264406
875710
650363
135245
816906
64958
442981
349118
133884
689779
8066
530567
165902
276985
257839
194807
94374
604219
875648
940693
87913
639094
272125
851575
546180
151712
744193
489429
745669
971473
583337
520968
687735
476417
466724
905522
948644
529682
504975
360984
116768
581319
890245
997035
825160
630835
329367
690938
880287
745883
613510
626581
683655
99354
786908
226950
280600
184485
128542
769400
596479
154721
678108
927785
572613
471886
848644
815783
315594
68689
317155
843276
384087
615877
941579
438216
412714
360707
587648
61034
14323
240972
869162
313550
132917
252128
261735
798615
527933
377263
807321
304977
780769
614640
61879
398670
113495
855474
707193
978968
349956
297955
572980
579172
736469
646391
586348
108998
487596
612746
742576
814138
825500
841969
615402
448276
20721
15270
804193
475304
28927
343795
218184
317120
189597
182699
227255
771187
694497
615072
155641
2947
766548
276371
458276
912558
906976
522681
479851
463578
206425
817192
346584
843000
937591
573473
329536
824971
578341
439978
97658
622589
383275
291865
707745
676082
329736
92383
421969
422404
144605
885853
859432
885931
615849
937044
688709
277678
969973
218869
186607
36910
714434
360756
238568
465079
757079
804881
701823
542901
352695
992135
210052
181155
833576
144008
287822
369572
959166
4666
904888
418791
535476
16491
825526
176450
812425
583760
311090
137250
305474
621623
762866
70357
841895
657122
254555
453496
362076
940871
392724
786987
680889
724277
802543
978912
784317
949895
605761
950746
240169
583175
914273
423390
494576
491240
14028
283501
138502
95529
867303
520332
898602
733030
47161
127796
192118
221092
66353
989643
208107
737395
266316
130454
803429
211016
163841
810582
377391
88771
748884
449621
644344
230870
84974
917911
292059
478270
429239
239868
74039
246019
535590
702606
890464
132245
422380
729104
754968
395987
750287
273148
88358
982441
131112
836441
731998
570658
981393
29058
907641
132117
343846
190080
798988
616960
639457
175100
373869
443400
989010
4626
174610
119119
329072
841584
362629
385506
590731
229518
286061
755010
717520
247893
98995
613991
434081
274304
525103
102996
761279
818861
623093
294686
144221
497165
27817
716309
941986
844010
187945
754601
556073
155759
156613
246961
957892
272871
318928
77156
603278
231560
986678
759945
812841
645929
402091
134496
253892
555087
236788
866018
693414
713864
736918
469970
159254
887837
540604
448330
336488
913543
647778
182070
766773
587870
91691
58488
723854
137331
918061
122441
409004
415441
176440
626504
42948
1518
488117
635737
359200
773054
59144
620945
740393
706613
660052
993660
599446
866896
101092
543631
606194
197196
858361
591133
913431
238255
860358
591822
55219
375646
337599
528338
492565
850982
546880
165167
622662
465369
929837
897818
537607
204556
231305
91438
61420
430804
681560
28452
859163
912406
585991
267741
684548
99065
423639
40772
314603
865559
66323
671148
890592
465237
252890
346928
538632
289302
544228
707842
34220
623927
696536
298303
530607
879081
621291
681116
590930
267156
529434
238410
996471
248837
97669
458606
890570
486868
470737
432371
449112
703886
385765
529699
654568
396505
387703
670158
805068
978767
176012
209575
369091
584186
230984
588245
131100
780773
815437
987702
365551
781421
728768
702032
419266
652406
33974
292699
179271
845838
598764
231444
920555
528956
974072
424565
214295
461586
392818
602413
401332
957795
92216
556891
577376
808682
899603
463108
939555
37156
989562
614396
300462
547287
288113
339490
616793
590769
519757
244644
79184
571155
528959
384112
325808
847350
395513
932194
675829
761643
983079
958861
165356
161543
946659
416945
495191
8523
254042
961549
803067
96289
640432
987665
207071
782731
236760
237487
218019
447674
709249
705269
416956
281900
192338
717830
674036
460843
258120
680482
876807
581334
525366
694363
899394
612155
534936
976106
325476
223869
870747
908828
4153
304796
523459
30656
609676
662383
778924
848410
954640
354613
22440
651713
909575
640768
974043
355277
449987
982699
460625
920387
271938
465826
133186
8109
991755
868831
829160
188272
977418
311411
301552
118439
116382
6526
388363
952204
889562
370241
881807
28014
259239
299094
488262
892865
209078
453749
170941
890952
140920
25163
152638
648941
248218
473826
448259
566216
207103
270370
947212
726299
832083
765403
191482
89653
767954
653332
688026
729816
403864
888320
446031
211763
810040
566926
228703
908183
596838
559572
569591
105502
149900
568642
573584
328769
540752
567508
538906
679504
252258
843577
506200
889533
551345
119405
459079
149032
988771
766920
247543
920559
736834
721299
343185
604617
635785
710908
345634
211595
183972
907238
782795
726746
897241
814718
579142
648816
52957
23684
907867
982477
717405
325973
194085
825184
627894
839515
581196
531171
497875
675549
544277
229356
111795
231667
304304
689312
618336
696012
151970
908483
700222
647047
835372
395115
955265
857739
974481
237444
607988
565691
820506
148123
466494
680161
740656
989136
863270
724150
986550
708313
599635
480651
999877
523774
904107
399713
785168
629351
340116
501218
670814
902674
802656
567255
985575
463652
293046
33374
706975
390975
781309
808935
42350
307754
465182
408053
836672
839797
922317
451225
897918
102844
743463
104765
71048
603659
827170
968249
640694
615920
753945
779206
407481
368234
433320
806841
530556
769810
594115
703060
721505
633257
945277
745494
723790
176657
997172
996814
147325
540598
389333
348559
971483
591729
884945
890287
85888
914688
523814
522562
504219
339982
225685
464031
938186
431365
944050
331275
943961
852569
11634
239240
282747
409914
508987
400846
549113
703405
368039
666211
705769
291453
311743
695339
161310
950843
115684
261467
136131
978962
597298
790237
268430
290080
291185
788325
187356
816525
798026
363079
372296
99250
666898
471556
900524
731672
351769
381118
937430
853606
572335
68191
843981
361513
555692
419669
597682
145578
286249
724909
515279
702531
560801
406539
750355
745860
553934
651024
842774
229126
180081
278133
172768
187245
154173
106668
559958
275716
639239
53192
726456
478559
745551
350770
166885
663159
655242
765053
59837
28562
403555
290159
56318
853249
514961
398955
740767
808664
6307
979496
310836
171765
106067
684251
73663
746612
372354
697413
417528
972271
824388
139024
928379
22918
812052
895348
439704
152519
683669
338936
711971
377528
464287
915363
747000
875425
867019
116520
798442
44970
572044
745928
206141
837556
174065
79948
219421
337326
751027
439041
724284
610557
425409
898738
478942
321595
585871
306030
820371
439563
933588
155728
539666
624795
958005
572460
331383
24375
544948
604435
441160
644437
868040
79085
547935
824020
749672
11153
456352
754196
516875
823334
894960
115274
885483
95010
633621
260902
248051
817184
89303
521512
137641
730932
786690
110856
591131
495026
578124
791150
478640
640328
28125
488740
31292
762267
391493
481004
752874
657146
330311
79719
783649
239942
459591
53397
822116
896993
239555
456676
591630
234632
199342
1576
192759
28895
262547
226673
897921
766327
532522
885957
308747
693994
200361
68559
995881
107018
513168
531950
553681
231898
132375
720392
596944
414565
45508
192553
874213
765201
372877
20781
469760
383076
867003
359420
631778
929938
998764
520130
726531
910027
733454
873905
750145
424224
948238
946440
558416
199777
439053
111975
652211
652255
895525
762467
367878
850730
36045
578051
956529
465770
741223
615418
576704
808488
537695
173081
159897
561273
318953
297894
198259
125365
256769
910444
835149
405007
906676
121929
840359
402346
605496
93080
605929
508001
303879
319865
390576
824996
477035
284751
897523
995754
196917
42042
477286
926125
229236
61649
972982
511091
343509
76069
85884
572994
945521
13561
601394
980602
537471
243352
147068
930348
259274
157471
786010
297188
965930
148215
962370
38951
539237
898348
267882
182010
452201
332014
520490
417570
143205
637264
494154
192374
624948
750080
369873
446800
387160
528626
932951
406753
773010
663928
711209
592549
648059
69191
472681
278778
710811
81292
139226
763313
929665
167145
769039
846599
605565
442612
767725
66804
413877
514463
324218
949042
51987
765109
319373
130860
930619
748949
127670
710926
760936
552219
998931
31735
442560
720033
267478
674986
6454
780010
777875
887050
276335
304616
303604
396751
372542
930454
669728
221552
239104
777939
322066
163186
92265
586381
992344
81543
272532
395717
658095
742519
801851
741352
664399
162587
935057
427604
567818
98299
333635
725765
998890
500511
923660
754672
999904
920607
481127
110252
373737
94687
280411
332161
86936
68798
768420
11402
511951
492261
541126
380343
441698
693795
713194
708052
31880
50060
990431
68677
739704
28110
201144
922868
124
526652
585478
932643
988962
623633
409211
266711
731737
692859
185087
836638
264578
839168
241295
781879
658716
293716
109413
559946
482296
25044
873371
903872
881282
837782
210114
110844
514809
709998
856434
147513
733231
727035
589364
316947
18604
254979
921194
966978
575463
699005
308101
91611
578275
784108
141850
123005
791832
32968
936589
493009
741427
744340
40877
794536
943553
419467
928972
294037
715235
945531
563559
592706
462753
220604
994252
817380
85893
810205
485642
458069
821573
306465
579293
949294
863718
176042
327398
44515
384961
457480
911867
95255
715736
595411
458936
532599
845438
368200
868366
233771
817199
474150
929712
997898
94465
44367
615203
994627
32853
642183
324251
726859
985782
52425
25408
403889
581224
537724
756104
703423
218219
410347
311149
765321
968096
330351
869236
854498
452985
613776
605569
168978
449272
913786
531140
753707
995811
301185
241314
442221
386310
957827
754044
172295
531747
786265
41617
24526
320053
7232
756380
729470
474024
912815
684165
644403
708214
663033
111526
323072
866386
424117
4505
374810
467691
27694
390088
436700
757173
850911
898212
707668
223993
277433
719400
194325
77621
714094
463576
42201
999459
425835
927144
142976
633359
267355
395202
471468
539548
956046
588631
9584
24340
641096
591354
267252
181049
12788
213721
364168
600115
816934
461574
501192
523805
811849
18552
810375
596748
93560
818607
8327
910669
309223
750134
264737
89020
105780
929439
877765
858849
580972
850081
493690
348652
555416
81911
689980
717330
21910
201488
346736
808739
907352
717776
769243
957482
595497
431036
986130
568693
109499
159287
744822
39005
449289
765642
726834
177689
475664
598857
112688
712270
394404
69311
262793
467178
877194
243165
7643
173828
887977
215977
298783
202844
924771
139981
152916
754635
610140
620563
890728
418226
191102
936970
443975
928702
403297
98318
639169
454758
978063
229447
43316
608701
244645
219294
684602
829273
494925
724661
858121
45656
953066
873700
684043
123132
246464
283974
139972
902339
24560
19844
665396
419146
765818
536899
472797
638502
620044
166779
745599
558562
590326
229529
700508
61633
330998
82952
865984
754761
655631
938751
860487
677180
932364
32658
670266
304187
557130
279711
512008
63659
850340
715706
720358
320754
489553
185568
890852
297005
114321
532504
828669
209278
791716
734883
199795
559523
55699
883586
582216
982203
637503
586518
370332
372051
406384
293667
390052
558783
467974
909408
112263
886086
464426
273677
303994
743001
273423
25214
245264
47911
583510
345598
58270
607572
677121
653590
431882
125122
725175
79537
289114
242295
886475
52869
36951
496188
422966
601006
656508
515969
278509
818442
594431
823080
598875
899055
711680
510107
232194
627839
223509
258584
487473
111100
324367
703072
46160
213082
712540
769419
375928
157559
849991
706554
339622
46990
823679
671635
760276
121055
908875
205039
453505
214937
422729
776244
618244
82972
214564
750307
684944
315781
687541
6329
363829
843960
115635
462825
976966
115405
583860
26607
386012
941322
15110
401694
730858
679096
988133
588227
332805
985784
997187
830313
581133
994908
856902
504135
621992
257230
174679
987674
612996
687896
52926
75847
369614
941435
489641
426744
707577
394403
215129
499916
747743
478317
688960
958976
378426
841627
102112
464941
499196
878745
50533
592500
347072
431214
420523
338495
629338
198675
167839
740689
693099
384532
996647
572759
899345
180209
640011
603003
871
729412
34783
456724
913288
897725
991267
987991
979942
721678
255173
603470
575317
955589
358157
156287
994073
465735
167319
783412
199441
661886
205185
891590
509082
760922
146821
511184
941553
755157
204687
574605
572036
467625
815611
169223
688022
654968
963668
465013
661806
109655
505681
509487
613575
340692
722392
431965
688451
311074
102224
194823
614172
439591
610177
245213
248002
102717
739287
479421
782342
959335
415323
365429
734631
369740
452691
121658
911669
873500
462092
497721
173930
987808
682590
495028
804030
457802
701962
108031
707393
305929
130156
762465
608084
934076
201382
928828
17846
91129
256432
711495
1241
959736
660347
390208
163480
947628
964847
993521
759180
885497
379935
288904
751694
776046
496370
957562
808083
941711
825263
92212
55439
244168
525176
251429
495764
802010
667558
933156
970864
708460
273662
109314
652402
956960
703090
716034
781392
73298
201702
157125
802804
952800
92976
145353
611145
356203
27590
381308
192833
201653
118697
710514
189504
896634
105801
203815
335098
825330
637202
370026
887027
579263
460904
390412
152541
762488
667874
982188
828884
341722
451404
594010
259813
320647
346941
678796
269337
97227
525008
412193
756966
658198
513232
540261
884166
149866
510745
26596
998068
507748
567064
993092
377633
201812
889192
667366
523188
502019
254015
6861
578119
243256
141782
367109
851813
559194
425278
109600
738271
44698
693909
995160
62494
809467
536993
767549
110783
268763
484808
940030
777695
449736
811242
335087
833390
365239
598002
221404
749522
737682
66102
299759
367217
639074
822756
48509
617306
286903
686517
283271
39096
105792
466199
346903
473648
366322
512409
661434
28903
241547
21841
987687
462987
97608
520596
238716
622196
142697
626832
642015
850753
836144
225679
630589
122035
488078
556363
766868
417210
199335
733606
859218
118604
353283
633577
635392
871714
430677
515128
479607
948252
30274
788951
243844
730295
843168
588725
373484
363922
502321
138401
709733
565854
651137
601357
42838
133412
334374
202367
482095
725208
939948
359854
15600
510645
290033
150473
792969
792862
441888
694633
714307
249006
250994
632442
85674
528789
984860
325031
518697
298487
271628
634043
726906
187299
488987
28902
654779
362997
588612
365631
931371
44396
111930
267829
202333
408227
736081
263640
250973
708978
888059
762005
150481
57065
377517
380955
537500
193643
974662
236400
547840
365830
519991
962019
873365
754530
618347
507690
75757
942659
14446
59396
87310
356970
440455
560843
523167
931560
915287
248625
331924
388559
870910
138455
133663
995405
470540
406461
267218
460128
47326
725339
749868
942186
352357
349380
701491
580516
398041
490263
857256
939818
23005
350262
597739
512196
973729
602883
479090
989018
766789
855239
673822
415422
438570
856935
163721
968150
723027
278865
855712
949027
116514
970684
411904
904029
844092
569850
935779
67532
996030
874752
188949
865450
365017
975495
765164
492438
68021
267703
689453
227232
420876
178893
768737
650776
282302
653382
689768
790482
989256
749579
64241
96715
518535
322648
84838
94191
307374
8972
746501
492790
857145
568071
172893
900075
248880
85833
223721
69475
654863
283115
405657
319644
423007
875271
19594
416634
473264
875101
75729
240162
115370
835745
257113
871862
264882
644519
258054
359672
952132
484068
335508
54125
145808
579779
131971
456537
295614
808120
304622
705158
583910
891375
430396
353346
777219
69432
879033
310252
619413
145069
214182
83779
817914
513391
367389
815800
485639
548825
149402
356790
9602
378290
32140
502818
735232
570474
184817
693632
645834
873126
152196
135048
167991
953820
662526
788111
483702
138634
774156
115872
733841
312575
597793
404126
177371
62547
413984
304726
591856
543955
480795
76364
794091
553813
32078
734344
687346
354320
401689
436005
994555
493026
665594
149283
299703
964546
234093
209651
416969
610084
263167
324521
817592
53064
192666
577305
692789
639441
728128
675307
507145
226526
750766
678958
810984
14311
81727
81681
992849
8351
114153
468871
232663
433742
928429
904157
363902
56869
561909
202926
309788
817542
823361
791090
146211
59485
448111
608242
281502
560708
256957
146930
493382
808105
105161
406191
357328
491564
690207
624561
94953
95958
395274
890020
609937
315243
281695
358295
339230
789142
23913
910457
465764
754809
871941
285111
228015
300059
287761
965756
558035
85938
458925
382044
311790
861602
67279
331529
926566
127398
624914
336256
741242
354248
364166
252360
227480
183058
387241
734411
182251
214616
482307
801922
489045
449689
853413
585715
177054
866079
528674
880032
998412
555731
760465
982080
578310
100982
312973
435268
20624
142284
660610
185617
227958
998258
982250
104288
872141
359656
677340
876700
333773
600019
736861
559622
191571
733993
674131
376210
965757
921960
594211
851522
578946
877073
861703
682492
18918
293398
122551
525061
243974
600536
364248
365408
995439
657714
166920
878746
966344
578648
216879
657421
36315
759137
500371
37149
549829
120599
484940
763379
565313
437124
648818
53502
459296
198476
705121
402249
639603
64349
961740
390024
905338
201453
575623
525201
714461
846638
912896
6477
848976
330793
561442
744675
849181
355475
439433
739760
88244
648212
838097
148643
625618
561010
568484
179431
510450
665585
615369
583667
542070
872268
106456
624924
208204
915650
764261
415949
995599
589404
673490
618866
176394
892380
628102
644853
562043
509819
6757
768828
322311
249148
214046
634922
929650
675086
959496
167341
949004
185547
686166
139015
764407
381183
398762
443012
647143
458511
515319
912216
406053
11388
992706
894665
420724
311433
905124
585512
323309
79990
206622
636252
483659
293387
571516
803579
797771
610805
495819
859954
720303
883806
772876
751003
264857
746793
609890
257848
604067
728347
568502
19001
971382
585884
167992
15879
894206
503368
181451
389720
44450
909549
634099
391911
945290
786197
957224
959747
350929
570604
444890
158192
556596
161827
796276
903110
125194
942131
210699
931363
967277
323951
765265
523131
11306
952063
676200
805968
662842
243448
811795
197995
923374
520908
298157
118415
222088
600151
979148
806089
928432
284693
554328
474613
169058
567352
736571
915992
272529
974773
964946
568438
709055
689021
916818
488531
687961
931088
47583
153878
889567
822353
429250
550892
378946
633717
741934
76688
39190
909306
246425
926157
16995
175850
336572
438732
652302
725988
912986
894739
267413
815961
646488
321648
506956
996616
176053
177349
738612
625421
234905
565369
708025
538517
881527
673216
441393
146776
635806
548430
131709
737224
72467
951455
216167
99592
713582
926891
109720
891686
795569
850799
64656
110225
544817
242218
907046
398723
893798
858705
915928
809012
945538
611502
690848
470637
817770
345220
108067
558958
862325
486354
415697
990069
241782
186685
601088
72930
958613
5858
879440
497019
560894
860914
297984
975139
991968
811819
222684
358382
827374
958699
654042
348788
925851
522852
297747
424240
411068
9816
38489
110457
828747
284955
482888
879867
492393
251255
208745
267021
217033
39576
203005
205514
493550
708431
669676
441595
357736
574952
888744
268489
725902
222724
920644
924463
402066
713747
14494
929257
329855
122450
446088
594093
68711
733367
900922
784107
827191
995467
357023
463076
954324
251195
171329
275875
714712
756111
462734
847739
816147
786569
73532
353758
162251
131592
210386
493753
134063
899733
94496
749196
328660
517492
482799
865728
14711
258304
787182
626749
412766
318544
69773
2684
78750
244518
438593
291040
109432
220043
96778
725991
559229
690105
30295
266886
37837
311473
483500
969244
206464
179900
907395
24708
708970
320627
865114
901053
875873
267265
732079
546143
279921
736201
62004
378396
569961
311682
619662
355314
470264
489142
700075
707599
102253
429061
753680
929151
965366
716021
709901
832890
388188
233869
773634
863816
653452
30197
662442
491341
344229
664880
344413
248259
576762
642982
338590
27757
906267
109349
170069
670803
957777
853002
383997
83566
335380
684145
709718
52709
315145
157936
294575
675319
239884
139913
514024
438212
602478
771846
698980
963484
603858
354776
977555
214749
577203
592143
784153
874368
824231
514278
465609
775963
190314
300820
787406
200324
601045
739918
172459
107317
685915
135815
723374
730500
505445
280496
585661
416034
35242
380501
962981
43851
404769
1157
146975
886460
675460
103310
406681
339788
309834
692766
848165
157534
520724
43199
399805
965573
701456
788742
365415
938651
185824
664109
504688
168415
676244
222346
814837
389266
118343
656459
405119
822704
75205
62268
727846
816744
372148
3699
591568
760686
958524
571262
952020
467367
410086
246338
620921
618562
813207
651591
310823
647715
694189
985731
539134
740663
165583
405346
556869
578651
27867
504468
73672
930402
906687
499959
720380
619666
150780
753939
693652
323865
585485
535032
95493
901800
683457
233879
8863
740763
691736
851718
764042
42070
506223
573812
558248
524058
62537
648763
706350
194117
323846
496664
964195
861355
185257
323496
52304
160312
509374
637969
856431
440032
78433
918514
959193
594258
557251
777087
594298
141040
756823
507599
557293
604428
957029
489835
231513
472034
25836
868891
712199
260559
345295
895084
524043
606971
443511
141505
440338
135639
110019
342044
23343
208989
957341
738319
355329
397812
903788
679619
625514
657028
26593
754574
655658
995587
269857
883535
196324
546366
558165
249188
513698
447166
935366
301077
751838
41351
692849
548229
516787
602351
868319
654204
928905
712233
137944
101696
730539
924398
97152
717377
105418
604212
977969
579561
718457
253589
129461
514815
296961
682182
970757
397162
25244
319018
596304
438630
258144
55140
425080
609118
210832
668873
392031
751467
595615
795655
426890
461913
119583
136401
775524
166838
442711
520788
930266
95930
180137
727020
727740
202363
266561
907920
398023
149599
59711
976584
320391
142629
255751
304992
590298
784627
389625
746406
332597
964878
468685
395210
257836
992093
93843
188481
297152
431159
108705
70554
116891
601162
519506
452772
322228
958237
68341
242177
221509
174394
968892
144016
534666
73099
647964
280397
40254
284297
803361
302106
50628
795125
988582
826226
823193
356272
662755
909988
778433
705078
405696
35591
632070
960054
29686
333034
351959
251031
499810
337258
248018
571858
802978
384472
974405
8450
648063
179990
516024
674054
671301
121337
977424
809375
217297
307859
442022
674077
39407
520902
863045
556822
949929
234230
948895
483926
58212
168099
477288
234852
292349
639375
134327
566858
33983
547692
312482
140158
964567
928804
761338
637864
640264
901652
999683
184877
110731
571887
388988
947187
74382
949488
124975
327835
249534
987520
855500
877811
471401
992596
666673
397687
696591
887114
512150
499305
770923
510164
867672
341706
76272
284000
981299
319019
116253
133131
60017
199763
847881
400952
334682
503708
368971
375579
464775
46270
42730
581366
137211
123746
607935
747982
842391
374258
240724
876649
969810
377417
985112
75671
36622
609584
244440
412721
977580
383278
244920
27596
113297
630597
619258
303598
329561
613964
39691
810236
177129
572582
908135
945807
26603
375197
436054
959795
571006
653927
981267
481562
351107
213795
297786
564638
755911
578167
579281
651112
939997
707014
531613
976492
261507
690814
795736
868134
66806
446755
915258
936646
964086
377475
603745
795264
599407
376845
461942
763798
796223
124949
664784
687277
486129
606792
618881
686151
942742
902191
94626
719323
477378
342831
922056
870622
553372
606418
376388
278358
611606
989355
869590
94759
801475
219057
832461
309485
704236
927938
450678
378003
922412
298264
25387
712280
304240
742386
325794
961378
807159
448186
507755
530801
217345
202
269931
672223
595021
584459
222185
509445
956776
663235
395765
527779
719898
820486
664
607593
44815
271357
165925
232139
385422
424502
202092
375212
732484
158458
785334
254846
111700
670084
425786
194244
818394
929145
954486
389805
569518
641811
361829
722891
609096
954187
607860
539700
676824
252579
679942
189857
451933
968886
414215
687574
504393
248063
258221
748634
318602
509582
689151
540060
921355
791850
603175
318299
246441
281497
539850
515071
527771
355578
658997
283651
995726
933978
425471
866068
650752
158836
174469
113954
564719
445858
259199
309230
348832
93762
960451
863291
403753
820590
456753
262834
972426
315639
117253
964031
91419
868358
702263
547107
595159
594545
986671
424744
979573
530029
536397
673424
949812
436767
793128
789604
928752
783034
81408
146824
872969
675250
253727
71056
439174
714998
993365
918623
83217
848037
452635
842277
341308
728963
406294
79633
679212
508924
65135
620139
279690
48022
509464
629766
750979
384086
350172
59694
688086
421488
663504
58743
436056
9697
155889
498470
483649
813794
419179
5156
358866
550146
790470
463442
996732
455844
394961
743229
642911
185961
924580
239949
24716
666779
975950
635122
971698
654933
554173
920689
576148
189815
37620
773763
282202
876458
136719
699417
70108
241789
694843
696961
879971
398013
294199
380531
755109
359237
737748
373635
537113
958645
814382
82721
512518
199346
13952
952030
488140
551936
749366
745423
48804
734062
558966
420897
912445
730351
181616
693526
353743
341218
887777
891439
3422
495747
565389
768958
998687
36997
167958
859266
738841
98565
318532
97428
424028
642904
802760
288316
981383
512567
134761
844228
375763
30659
148083
784436
291243
679473
349165
154986
98487
660688
804928
568702
408833
279160
441594
914732
923723
807476
602026
586998
128422
328474
923775
155928
671100
843975
703548
624849
441715
635661
540856
780945
53022
694652
931931
605816
77979
329297
110131
554642
326124
143244
858818
53413
568103
87513
407590
597112
875552
799936
980791
342773
772937
529410
80572
429943
664566
392975
924655
779099
496836
119381
706641
298206
819712
159053
180464
828444
769883
385248
455280
478451
445186
113627
291056
713032
833393
837665
463728
923298
64830
904768
827952
386580
427267
153717
142307
953567
13700
146395
55864
500788
259912
792314
925146
638832
613324
861613
131772
309048
404868
858207
384734
879461
64426
42916
923103
118646
79971
425857
405728
435242
361379
673642
305949
521095
554007
361885
875185
975166
210409
908797
395701
648339
882933
541762
938687
107713
720319
642619
985689
509483
368720
433706
491269
683694
596224
858693
90725
110842
30035
511014
530031
179777
630378
354866
160104
747898
973395
927718
488374
191206
532744
946417
406719
643420
865779
221576
645821
454002
142143
363880
180885
230555
266136
887488
506244
963621
476829
851004
903378
729061
320000
403608
716221
382827
819984
391327
71461
289678
595670
290550
926287
313470
351629
133459
265175
401327
39128
42398
476491
478410
239654
636429
179774
384606
377147
716124
472115
532066
818505
157234
210324
910544
407027
159524
330481
444352
765730
120565
252345
445252
355158
867611
926902
70187
605015
342132
919017
706284
796919
737525
580736
205813
92302
352487
920238
478184
291917
926859
720009
507714
312435
358623
955252
100297
536104
623553
557542
426331
637764
360512
448263
179532
166593
559985
334359
291470
310890
566221
985391
731315
461389
949634
185813
133925
836447
997183
203292
722250
886556
150327
471947
350743
867618
701033
264176
459263
371650
427080
854221
181185
92707
897109
767411
709818
915214
338909
330416
629844
982818
993754
741985
890097
99844
432056
532151
694501
787660
234474
865397
126673
832778
534152
57426
360416
577334
495649
786168
123782
879479
802443
189179
329960
412056
681523
275743
610472
950089
79401
302151
120977
478905
510477
485290
182200
883194
210867
533444
174742
103347
418399
237911
937069
233747
338901
311681
902581
581050
19593
723617
523388
104439
767743
755882
29230
614686
801925
410074
496106
252911
772752
778007
691390
149211
4619
859511
322889
44671
295455
210328
608667
573505
189276
416991
675067
172629
148671
288537
826193
668610
982319
696967
161322
254637
174381
729977
269925
952475
25143
680586
120259
894021
954095
564661
761483
474536
697355
235903
487559
444300
500737
1498
696199
555078
263502
404462
421831
896290
494074
680858
334163
497062
101562
402865
516151
533440
459040
917038
338735
73639
93347
501043
419514
894710
186390
33022
985475
432556
24065
249632
855028
588961
794251
954701
410982
946238
343323
486775
980891
522828
335383
913345
456670
255004
805664
166861
297532
857937
260447
179389
22948
677418
788014
617575
366717
767628
812177
806416
609415
686011
431649
820576
463287
390728
209133
423377
390374
364575
739688
357038
484357
536544
874899
948590
899276
553735
144587
619859
595661
241492
916955
564800
5478
919107
730635
169929
598933
873921
615280
821957
417410
152487
691323
304910
913822
700148
379702
593922
8551
838370
825746
713599
704985
131962
629046
703805
802477
52101
368653
486077
715023
342590
461822
576935
579308
821488
262397
806940
619969
79936
733484
995490
903191
554495
696670
420962
969352
919556
591582
886373
462732
306499
154249
412176
500928
608635
383158
769526
108127
131366
723405
752558
823337
494159
334320
988115
841829
626512
194056
815439
918625
709583
729268
748224
902147
222256
54441
452497
463042
202567
880880
760036
545261
277914
29676
273424
688049
674614
922091
575341
989167
113607
957629
901473
284732
13501
190509
526421
769382
516252
356319
849623
68134
864901
315261
42921
299455
505560
464665
913162
298112
173213
499519
843465
318036
360111
591179
564969
850870
553005
715911
13721
39516
106875
53498
294124
227746
303667
272039
467777
691435
474943
742582
924405
395524
846953
82203
721839
821324
414458
608927
238435
790653
830043
610488
707958
165018
868066
112185
6536
724060
253127
496393
79424
967313
324452
362829
211421
398982
966971
564896
219934
489401
970579
852696
313293
958509
380315
376269
759995
287331
750895
116113
926763
926741
2736
898470
366555
489518
569143
80232
846245
735307
901733
81346
713860
786704
153442
128054
74436
751561
493458
563176
718804
380093
610813
756087
138863
180792
581032
117848
346294
5643
272400
235217
573395
976011
749575
886593
646316
832626
352240
799649
419732
310790
592376
894149
905946
164596
902503
416002
931345
764632
24191
234463
694150
767933
628202
98176
786232
352630
662500
181171
93864
994355
316401
679510
340957
235562
672235
769491
987498
486865
562063
258934
503598
618777
688475
74498
697149
686344
41475
61951
151277
706700
697154
777331
385431
54233
627300
651781
911701
930194
528602
563440
518214
793383
139786
271032
398320
373809
717105
705856
685425
433588
102804
516993
754856
150901
975261
753556
721010
448004
421707
79776
690685
238871
820446
296929
892818
171000
604940
780814
413025
14064
23942
252667
382100
603697
884328
674886
838580
880990
699468
210462
451929
906770
98669
314859
779488
889035
594718
564758
797688
301708
354847
160113
552728
226823
230514
438713
384595
492984
459306
618463
599432
412928
662464
4157
377488
404347
192648
558069
839806
771350
11304
199238
381662
218725
283458
280979
573515
154732
128232
551604
722903
231991
698485
569693
112082
189408
152564
380285
28866
172092
554633
366700
979671
993293
708859
521188
953774
51415
625609
950649
859004
43374
214630
895265
502713
186522
703718
677254
457296
77454
625043
525698
759768
470789
241322
298173
99906
722939
893806
593546
12208
854420
412632
742820
26728
520870
328388
447982
38843
936377
693206
405867
343173
377112
794848
223314
663764
797818
345542
576448
619364
150771
394209
559161
901351
302177
952230
126797
855224
349576
985577
274767
596257
545
945911
299032
653993
81036
938907
581974
343928
779623
698975
862674
118307
419942
571710
743097
239332
969661
765631
770883
79914
928838
369450
859606
315659
907574
354846
263895
364448
967121
28227
532121
704563
711241
127721
283236
729389
465942
50259
164802
694030
389234
688914
639088
937834
804381
415484
231317
