100 4950 63
-742 291 612 776 -679 -320 508 -437 817 564 -575 -93 646 -342 -585 859 632 -409 -357 -25 -471 314 -106 293 -135 441 -253 235 565 -916 476 340 -469 -632 1 197 497 -25 491 -309 -83 590 552 -301 363 -640 727 724 445 628 -227 199 -607 -92 389 -347 754 349 -42 -511 445 -535 -574 613 -187 -395 -791 92 882 -306 207 -843 -741 -27 -15 -157 -856 -169 -877 301 -209 -580 676 -115 -243 533 865 30 413 -731 753 -448 12 713 896 472 373 550 606 348
52 55
88 96
68 90
16 87
27 30
7 60
9 47
19 39
14 95
56 79
9 96
12 68
1 94
8 76
35 62
80 93
70 91
49 53
5 97
20 89
37 53
17 86
62 84
14 67
73 81
33 43
11 54
49 98
17 84
14 49
51 100
17 40
39 92
16 50
21 90
23 47
22 93
37 77
58 69
29 33
14 58
30 95
48 94
8 27
53 54
50 75
42 96
48 51
2 35
2 3
55 63
18 63
22 52
6 49
19 100
50 52
29 50
28 61
66 95
49 59
21 32
9 23
7 44
12 46
27 90
1 58
85 90
11 40
19 97
3 22
44 45
54 85
33 88
18 24
13 92
24 93
81 92
18 82
72 96
73 77
64 81
19 84
4 98
27 40
21 60
92 94
35 86
15 75
15 96
3 12
24 54
51 53
31 75
18 89
12 53
40 61
6 73
13 33
69 70
11 46
42 70
27 47
25 39
2 57
9 29
75 98
35 88
64 73
44 52
40 68
13 75
44 70
26 67
5 18
91 93
70 72
27 41
85 92
41 67
9 22
14 24
2 12
6 75
10 98
5 83
61 75
5 36
41 89
71 84
36 80
73 80
4 59
9 79
32 56
65 90
14 87
18 56
91 96
26 44
11 62
51 74
52 56
25 72
55 83
23 51
17 74
44 62
17 25
49 66
82 98
14 46
42 87
44 75
33 92
47 81
75 86
38 44
33 75
1 57
82 94
53 88
77 100
37 71
64 91
82 86
65 77
14 97
20 97
16 31
48 62
46 82
36 88
40 71
2 98
12 25
61 74
20 53
57 86
32 72
36 93
46 75
32 54
17 62
32 63
19 20
23 76
21 45
38 90
24 28
24 95
11 85
39 84
24 66
43 98
45 79
42 82
5 76
22 58
74 81
14 81
11 50
84 100
54 58
46 48
9 15
3 46
36 69
70 85
39 45
2 31
18 62
13 59
51 84
2 82
7 23
18 76
17 96
26 89
15 83
93 99
9 97
3 59
9 45
33 57
54 80
54 76
54 73
4 58
35 44
3 38
10 28
31 54
24 76
38 64
27 50
56 86
28 50
24 84
75 79
50 91
23 36
14 85
26 56
51 72
57 89
25 54
47 71
12 38
34 99
14 54
28 78
6 68
40 86
36 79
49 94
33 90
60 90
72 87
29 41
30 59
37 84
54 62
82 96
2 76
15 58
23 81
44 98
69 89
7 71
22 84
59 60
1 97
44 58
94 95
35 49
15 59
2 51
72 85
17 67
43 47
29 89
3 44
59 77
45 71
20 78
37 41
40 58
40 59
43 73
71 82
35 52
33 85
26 64
65 95
70 76
21 69
4 13
53 75
60 76
28 73
8 21
33 72
7 24
44 69
85 91
46 88
1 91
10 80
4 54
60 71
37 48
35 53
28 85
31 60
9 99
51 88
2 77
65 86
48 85
52 83
62 82
19 64
6 23
7 8
31 79
6 16
23 58
26 54
35 76
24 81
23 74
36 72
29 80
56 59
33 97
28 94
32 91
51 69
24 79
71 92
13 45
62 72
18 75
42 75
32 46
24 49
15 91
37 54
30 43
23 31
17 93
46 86
35 82
25 68
8 14
19 79
39 60
1 48
41 78
28 40
10 82
2 95
38 47
31 89
16 69
7 25
53 77
38 39
1 7
17 59
10 50
26 94
25 91
44 54
10 94
46 65
20 42
5 21
12 41
35 72
13 83
47 95
74 90
20 24
50 55
6 96
53 69
36 71
31 42
6 76
13 14
42 44
13 64
44 95
32 87
19 77
39 62
46 100
7 27
28 46
4 96
18 49
44 68
56 69
18 69
4 9
48 49
37 93
52 90
54 61
50 93
48 55
52 100
24 91
73 97
76 89
53 58
9 92
95 99
51 65
34 41
32 77
19 30
63 76
1 37
46 76
27 57
35 77
75 81
37 55
20 96
15 68
79 83
76 83
36 67
11 86
76 79
48 74
5 74
36 58
56 70
12 66
12 31
11 57
10 90
14 98
44 72
21 91
19 72
27 37
24 82
50 79
5 45
32 79
84 85
9 84
93 96
56 92
6 12
52 94
19 70
13 70
36 83
10 25
37 83
3 29
30 37
13 84
73 85
49 86
32 90
16 85
57 62
41 79
6 56
36 89
51 76
60 79
12 18
60 64
3 80
2 99
4 23
76 82
78 85
54 100
68 84
71 93
51 93
6 45
5 33
55 61
19 53
52 53
87 91
25 60
93 95
57 78
8 59
50 59
34 64
5 56
44 79
6 85
33 83
35 80
9 57
50 76
15 97
21 65
2 26
41 54
46 72
86 93
88 97
41 43
32 85
30 51
67 68
57 98
55 90
58 73
86 98
12 20
25 96
18 87
16 68
16 55
27 55
30 42
3 6
22 68
10 66
52 74
38 72
55 65
47 51
46 55
13 28
5 68
4 31
6 42
6 25
3 86
49 69
40 93
62 67
49 87
47 78
53 73
22 60
32 39
7 79
29 34
19 75
11 37
64 82
45 56
6 14
21 85
3 98
46 63
30 39
3 37
15 73
3 71
78 99
29 45
80 82
72 81
68 71
49 64
5 54
4 40
16 94
24 94
39 74
13 44
12 50
34 89
59 87
26 28
30 48
74 88
61 71
52 72
9 63
1 77
20 36
34 100
69 75
72 83
1 75
17 83
43 60
52 87
11 25
12 36
51 75
14 77
58 84
78 82
16 92
6 54
4 42
7 92
36 60
87 94
19 38
7 64
39 53
5 27
33 53
45 85
6 65
35 36
5 17
9 100
58 64
24 42
1 59
1 84
45 53
25 41
33 71
72 73
51 67
39 71
21 80
53 92
61 70
27 33
12 30
49 90
9 98
11 51
56 74
68 72
42 57
50 90
3 40
22 35
55 80
61 79
15 80
10 29
32 37
18 73
18 36
18 72
82 99
35 95
78 90
82 88
29 96
15 36
39 96
53 89
9 17
37 59
27 35
16 17
24 83
78 86
19 61
12 73
75 92
45 70
48 100
23 38
4 66
59 63
55 97
74 98
50 58
1 96
8 53
28 55
41 86
16 89
18 51
32 65
39 73
16 71
44 76
58 67
20 37
45 86
24 52
56 80
6 32
20 81
8 99
84 92
32 64
31 35
11 29
51 82
5 10
41 65
3 52
54 63
16 66
27 63
19 28
88 100
47 50
30 91
71 88
89 93
19 94
47 87
27 89
66 96
64 75
33 36
85 96
3 39
62 83
81 96
22 59
52 88
46 52
33 49
9 77
26 49
15 78
14 91
95 100
56 99
17 79
8 24
17 35
32 98
76 77
54 59
29 70
49 100
13 95
41 45
43 44
10 78
6 10
29 53
43 66
38 53
70 77
1 53
14 29
44 93
69 95
14 92
9 65
27 68
48 54
19 68
3 25
67 76
5 32
4 83
5 51
5 91
8 46
23 86
52 82
4 55
31 78
26 78
34 35
49 56
10 62
26 99
52 67
62 66
91 95
78 91
42 46
56 88
38 66
8 80
15 34
60 97
62 89
49 65
3 27
5 12
23 43
45 69
24 45
5 38
67 90
43 72
46 58
65 66
21 96
59 71
11 42
12 44
13 99
31 51
32 44
46 77
3 5
6 22
1 70
81 90
81 97
68 73
47 57
11 91
57 79
32 33
77 96
18 92
14 36
40 62
7 70
18 27
18 43
13 37
44 97
58 83
6 35
15 23
5 60
56 71
23 85
22 34
67 93
10 14
7 32
30 31
3 45
36 57
34 50
4 38
39 95
4 53
37 67
2 56
25 70
38 83
13 20
12 91
11 58
15 72
79 84
60 68
18 77
24 48
14 69
24 56
14 60
18 65
30 84
67 74
50 67
42 73
49 74
51 52
15 70
7 30
13 26
61 68
27 52
37 78
27 96
81 86
63 67
50 85
7 52
28 54
3 69
55 71
43 68
23 72
24 32
61 86
44 47
10 75
69 74
61 77
13 15
15 39
25 98
25 86
30 35
5 57
79 99
62 78
72 82
2 32
41 73
10 57
29 81
26 74
3 77
23 27
56 90
14 43
12 86
14 82
5 8
56 60
15 17
17 48
40 49
54 96
32 47
33 95
33 46
74 92
24 90
10 23
48 78
20 22
14 55
58 89
36 52
71 91
52 78
25 30
80 97
28 96
29 77
41 92
29 44
14 78
52 81
52 84
18 35
79 86
22 55
60 95
27 45
15 21
69 85
73 79
6 72
37 82
8 95
51 79
82 87
73 88
81 83
2 72
24 36
78 95
11 47
59 86
19 63
34 80
65 96
5 50
53 57
45 62
80 98
84 91
24 99
55 94
27 78
34 78
63 77
1 83
68 97
30 66
37 70
62 80
38 58
61 81
35 42
32 67
23 68
78 88
40 47
22 37
39 65
62 97
78 97
19 57
25 99
22 80
51 64
2 93
27 53
55 99
9 53
17 60
40 56
68 74
47 53
10 73
21 49
59 97
7 91
22 75
20 44
51 91
63 80
40 42
52 59
32 36
40 83
86 89
35 45
2 79
73 95
30 55
15 93
44 61
12 26
63 83
20 92
8 49
47 73
9 26
51 78
70 71
66 69
77 95
33 86
75 89
3 63
51 63
74 86
5 82
28 41
31 55
81 89
13 22
46 74
22 36
6 99
27 64
42 50
39 67
41 83
7 38
44 96
52 95
64 90
1 87
1 78
27 77
7 74
33 73
37 47
58 70
63 96
16 60
22 62
22 65
13 24
6 47
26 97
58 65
48 86
7 40
67 98
52 73
8 41
14 50
27 82
29 84
23 96
4 79
26 61
61 78
16 37
69 80
34 93
11 59
36 41
4 10
80 87
67 84
47 65
43 49
8 25
84 87
7 48
4 72
40 70
24 50
9 93
27 36
30 82
38 57
7 95
19 98
50 57
2 54
20 76
30 96
75 80
1 90
8 90
21 54
61 89
10 64
50 83
34 95
10 51
7 11
50 68
51 98
43 48
2 20
16 81
8 50
4 32
4 8
13 17
11 60
26 91
1 72
1 36
46 96
47 85
12 67
16 95
12 69
17 56
64 71
45 84
32 82
64 78
36 98
7 50
64 69
77 80
46 64
4 44
75 76
52 63
5 48
34 39
32 99
5 94
18 88
4 25
25 80
40 69
27 58
73 100
1 71
50 69
12 40
11 93
66 85
1 10
70 78
16 27
24 87
42 81
42 64
16 88
3 62
66 79
9 76
38 43
44 78
80 83
28 62
11 33
95 98
8 82
39 87
36 81
1 27
3 30
72 84
41 93
39 43
63 99
32 55
54 90
77 90
28 57
9 73
20 33
50 66
31 86
7 9
85 95
32 75
70 75
20 90
41 49
62 76
17 32
60 69
65 71
20 62
42 79
31 40
17 22
22 64
1 80
69 82
7 33
14 37
35 55
10 19
35 64
47 58
30 52
65 69
10 43
60 93
40 53
21 93
37 73
57 65
25 87
21 30
24 51
66 70
14 100
13 40
39 75
37 88
28 67
20 50
45 51
35 48
9 64
13 61
73 83
16 59
9 86
43 45
44 81
28 100
40 63
4 95
20 95
54 81
69 73
30 77
8 20
36 75
21 63
31 41
67 75
35 89
2 43
46 90
62 90
85 100
1 9
10 100
48 58
34 97
7 76
25 71
60 66
8 93
42 51
3 28
29 52
33 40
2 48
9 91
6 30
21 94
62 100
28 95
78 94
14 34
2 58
18 32
36 55
8 60
14 16
7 39
52 61
31 63
16 43
6 28
26 71
51 94
85 99
76 100
33 64
20 99
21 23
17 85
31 45
61 99
35 51
74 75
29 91
14 74
21 72
80 88
9 12
21 42
21 35
17 54
63 75
36 94
21 28
56 72
21 77
73 90
12 76
62 65
9 87
18 80
48 90
10 89
73 75
70 86
37 63
19 24
58 86
42 94
3 32
19 31
21 75
48 77
19 54
27 83
72 79
47 74
5 69
32 34
8 12
32 66
23 71
19 78
37 81
27 29
64 72
40 48
21 26
6 48
60 96
28 69
54 75
1 49
28 38
19 74
6 17
15 32
23 37
98 100
63 84
58 81
23 34
2 15
77 85
83 96
14 31
37 38
22 45
18 19
15 66
3 53
33 78
26 60
12 78
56 75
30 33
11 89
44 59
64 79
23 88
30 57
6 7
28 44
11 53
19 50
2 90
8 34
20 40
43 54
58 91
26 63
21 51
21 38
37 51
34 40
61 96
8 13
12 72
1 28
37 57
16 18
4 19
26 79
45 90
9 62
36 68
45 97
48 84
69 90
83 90
23 35
59 64
61 63
33 55
7 88
57 80
5 44
21 78
1 85
2 85
41 81
90 97
92 100
5 73
70 83
50 71
45 81
1 51
31 72
35 75
25 48
56 76
27 81
22 49
21 71
24 80
14 42
15 31
22 71
41 56
74 96
11 52
36 40
44 88
63 91
62 69
28 74
8 75
14 18
2 61
4 89
11 96
30 72
76 93
16 54
88 90
34 98
34 37
10 69
61 85
2 23
55 87
44 86
4 49
24 58
39 97
89 90
1 98
36 78
16 25
11 38
29 55
16 91
6 63
14 22
92 96
49 89
3 96
8 16
41 96
29 42
36 74
51 54
30 88
9 50
49 83
12 51
28 53
18 90
32 84
42 62
23 98
25 84
35 40
32 86
30 49
61 66
64 85
66 71
74 99
16 84
59 96
11 19
79 87
17 77
6 71
34 42
9 44
14 63
66 98
15 65
4 47
14 17
2 64
74 76
20 41
22 27
25 83
76 88
72 78
29 75
14 45
88 99
13 90
33 81
17 31
2 53
42 69
32 93
35 100
42 97
61 100
54 93
64 74
20 98
16 48
60 83
26 33
53 82
13 63
34 94
83 92
50 60
8 44
10 12
19 86
20 67
13 72
59 100
16 30
42 48
7 96
18 79
9 56
31 84
16 52
26 88
98 99
22 24
15 69
39 66
4 94
3 17
63 73
27 94
40 96
2 59
44 85
33 99
25 51
6 39
4 71
64 83
1 16
28 72
2 25
37 99
36 48
87 97
35 57
41 90
45 50
82 90
27 75
68 82
12 54
22 94
7 53
10 58
6 81
41 47
8 88
66 68
23 94
66 86
1 21
69 100
7 58
36 45
9 89
57 61
77 84
26 34
46 94
27 93
3 51
75 83
29 100
59 70
17 95
27 91
65 70
5 16
66 92
7 34
32 61
22 32
1 18
88 98
9 48
23 30
20 34
32 40
8 55
69 83
13 88
39 82
51 90
12 64
15 56
1 17
46 97
40 60
18 84
8 66
29 40
55 75
26 83
40 97
68 69
47 99
25 37
8 28
8 61
17 29
7 66
14 56
15 30
6 9
22 61
37 94
21 61
45 92
12 94
20 71
37 91
17 39
9 18
89 98
84 88
4 18
6 26
20 63
33 93
23 95
5 77
3 72
50 81
7 93
47 75
48 96
23 53
4 41
6 90
78 89
9 16
56 83
26 85
69 87
43 76
55 74
7 51
35 81
47 70
45 61
17 30
15 45
29 56
2 52
42 95
43 64
34 65
16 29
36 97
59 99
39 76
41 100
43 81
20 51
8 52
23 55
47 54
33 37
8 42
11 79
31 74
17 80
8 19
34 57
29 83
30 98
57 87
99 100
28 33
8 17
9 11
1 2
15 29
29 54
10 67
39 94
39 40
53 93
21 41
35 60
62 91
47 64
79 94
40 41
1 32
41 68
15 86
42 72
1 11
70 97
8 39
23 64
25 53
42 89
35 85
57 76
59 82
30 86
37 42
2 28
29 46
38 50
22 28
72 88
59 66
3 23
5 11
43 69
11 97
47 84
57 68
97 100
62 87
20 21
80 90
42 92
8 78
54 99
18 93
1 69
59 95
4 16
38 42
87 98
7 73
19 60
19 96
9 32
57 91
2 22
47 48
25 76
4 60
4 14
24 69
33 34
1 12
75 97
4 91
87 90
67 86
21 24
19 56
31 70
50 51
10 96
26 81
2 13
66 76
1 14
3 70
10 63
6 64
31 62
8 71
19 47
38 40
25 57
91 94
48 91
19 21
9 34
77 98
11 66
4 33
24 60
53 71
10 45
17 19
32 38
18 61
19 41
34 55
17 91
24 33
49 99
5 49
63 87
80 100
61 73
6 44
11 23
62 85
58 77
11 65
12 74
67 70
12 79
67 97
3 64
7 36
5 59
26 36
5 92
40 80
2 60
5 19
58 98
13 50
4 87
33 59
10 42
76 94
3 56
8 11
26 65
7 17
30 41
47 72
85 98
15 27
76 90
20 25
4 100
69 94
25 45
23 57
11 34
48 81
47 83
17 20
33 56
19 59
32 59
8 56
7 31
14 44
15 94
25 38
3 14
84 93
34 77
13 54
41 94
18 22
14 83
19 81
8 31
24 89
88 93
1 61
60 85
66 94
12 88
30 78
4 27
53 79
73 89
18 29
37 40
15 35
7 77
71 83
36 53
42 68
10 83
49 96
35 74
51 99
35 43
65 88
11 17
13 57
8 30
12 42
46 67
11 76
12 82
51 68
62 93
35 98
20 93
51 58
54 97
36 37
11 16
29 48
69 92
27 85
27 60
13 77
49 58
60 88
16 24
52 71
16 26
43 56
60 81
18 60
12 21
35 38
5 71
49 77
32 58
18 50
13 39
35 97
32 100
4 15
37 85
9 41
45 58
93 100
17 47
24 40
11 18
9 10
53 62
96 97
35 78
38 75
73 82
90 91
20 47
6 50
18 78
25 47
18 20
60 84
68 80
7 67
10 44
4 99
6 33
44 60
63 70
16 36
50 96
21 39
13 73
80 99
34 49
42 98
27 71
47 52
60 77
52 97
72 95
51 97
74 78
10 95
18 74
71 79
41 99
40 99
29 86
30 79
20 84
12 28
73 86
17 68
24 98
25 97
27 72
13 68
4 97
34 62
60 72
75 100
86 91
41 59
3 57
79 80
4 78
16 19
26 53
39 99
28 51
78 87
23 28
7 14
38 62
47 92
8 40
47 94
45 60
35 73
44 100
14 89
62 98
82 84
6 29
68 95
37 43
56 73
39 93
26 100
13 51
17 33
23 92
66 84
38 73
57 97
26 52
7 81
26 55
11 83
8 94
54 79
28 79
1 65
17 26
57 100
7 37
35 59
34 67
44 49
1 4
18 68
3 26
35 63
39 55
16 63
23 77
66 78
1 15
31 77
77 92
30 32
1 42
30 68
23 24
10 53
30 87
71 87
28 99
35 56
2 74
18 86
21 97
20 35
75 85
32 80
16 90
65 80
6 57
52 66
41 84
9 24
3 94
6 74
43 79
33 89
62 94
38 69
38 45
25 29
44 91
70 81
27 97
66 75
61 93
63 81
71 96
12 45
4 35
64 94
4 68
31 99
22 79
34 87
22 74
30 61
7 69
15 61
26 68
58 75
2 10
28 35
50 94
62 81
89 97
29 65
4 81
54 60
22 70
54 57
37 79
74 84
58 96
20 66
54 68
60 100
19 99
26 50
13 30
76 86
40 73
45 48
28 59
19 89
11 13
29 59
45 67
65 94
32 53
39 100
19 37
12 27
20 70
6 53
29 93
72 76
45 89
2 9
84 97
82 95
28 58
28 30
13 29
27 59
16 39
89 96
96 98
82 100
2 67
40 92
53 95
13 80
5 89
31 97
10 92
38 48
29 82
56 95
4 29
1 33
10 46
25 42
8 65
52 76
11 71
9 82
37 66
39 89
61 82
2 88
10 99
29 97
3 88
78 81
5 96
39 91
43 52
16 73
32 89
34 38
4 6
35 66
2 86
59 80
4 92
19 52
54 72
15 64
7 72
53 70
19 40
8 91
22 86
53 59
26 59
27 43
55 98
25 59
4 34
40 82
52 62
36 96
59 89
7 94
18 31
48 52
2 5
2 36
47 63
13 25
91 100
23 89
28 29
69 76
20 74
25 46
28 39
14 26
56 97
34 90
41 44
7 49
42 91
12 60
11 39
42 77
68 96
7 90
20 85
39 78
49 52
36 64
29 90
5 90
39 49
38 86
5 26
70 80
66 99
10 24
71 98
41 50
52 79
13 98
33 60
26 90
42 100
40 65
59 75
22 31
88 91
2 78
43 71
21 74
48 73
17 66
2 29
4 20
13 69
70 84
3 13
9 31
15 88
19 73
11 87
44 67
19 62
4 22
25 43
3 65
65 91
13 89
41 69
54 91
25 44
29 74
42 59
29 62
36 63
92 99
9 49
45 96
25 73
70 73
77 87
19 95
14 93
1 43
16 61
81 85
56 63
19 93
10 47
21 86
7 59
47 69
10 65
37 86
10 38
56 67
12 17
80 84
61 83
95 97
32 97
61 65
41 91
28 93
25 64
57 59
63 79
71 89
66 82
40 44
44 64
60 70
57 58
39 90
40 67
20 87
38 46
81 95
53 84
36 61
73 96
37 62
21 92
8 98
23 67
31 59
22 48
17 61
36 70
48 70
19 23
15 33
3 58
37 96
2 100
65 73
3 16
8 63
21 95
29 68
37 46
61 90
9 14
8 89
53 87
70 93
48 69
38 51
1 86
87 96
61 69
26 43
11 12
24 26
26 80
50 56
80 81
8 29
3 55
33 61
54 86
57 84
33 94
1 5
16 33
15 46
35 93
34 60
40 77
47 98
64 66
17 87
19 71
21 81
77 86
31 65
19 85
27 88
47 56
58 71
39 57
9 51
74 77
58 63
25 33
14 59
21 44
17 100
49 51
5 80
40 43
68 70
31 49
56 57
55 67
38 97
67 89
39 54
6 8
34 73
24 68
50 74
6 36
22 42
83 99
49 93
64 87
42 80
27 28
69 78
39 48
10 97
67 69
21 53
17 69
54 82
30 83
35 68
55 59
46 91
71 77
42 45
16 53
1 62
34 84
31 39
30 45
55 69
38 74
4 12
34 47
53 100
10 48
94 100
85 87
42 86
13 62
21 31
38 87
60 61
15 82
7 68
15 87
11 48
52 98
9 39
48 75
43 62
38 78
8 74
15 63
79 89
28 32
36 47
3 73
50 61
3 7
33 67
28 65
79 85
18 46
40 57
55 73
57 71
31 93
49 62
49 84
22 73
2 47
18 70
4 56
14 51
9 21
17 90
10 71
58 66
8 51
5 28
73 93
31 87
60 63
95 96
21 56
29 31
15 79
57 94
83 94
15 43
51 87
18 67
86 100
1 76
21 59
25 89
31 80
45 68
80 92
11 72
30 60
1 74
27 87
11 81
59 67
8 37
4 7
57 67
81 88
54 69
11 61
10 85
47 59
51 80
9 40
20 86
43 46
12 33
76 80
1 40
34 83
8 32
59 79
65 67
46 50
21 64
9 58
22 51
49 81
3 75
29 58
38 68
7 84
49 50
4 11
22 99
67 91
48 56
29 88
18 41
1 93
67 73
33 58
18 42
68 91
37 92
32 94
53 64
85 86
49 79
24 77
3 92
7 19
90 92
2 17
46 59
18 33
35 47
11 77
49 61
31 58
44 51
81 100
70 98
38 49
14 23
55 81
55 84
89 91
15 51
15 38
64 98
62 86
59 76
2 41
63 97
21 27
13 97
27 84
20 80
12 90
45 78
59 84
45 63
4 80
36 85
48 95
41 62
34 44
1 47
92 98
34 96
22 43
5 58
17 45
12 65
30 40
77 89
30 100
63 94
72 100
65 83
56 96
43 51
51 86
8 84
71 80
41 48
20 38
37 72
39 46
52 99
66 73
23 41
11 74
19 92
86 87
64 86
15 74
21 70
9 33
64 77
21 99
36 90
13 94
68 81
12 34
51 57
47 88
34 74
86 92
65 82
48 64
42 67
57 95
1 88
20 69
81 82
46 99
32 50
2 21
84 90
15 60
30 47
5 42
13 31
48 83
68 83
5 55
6 59
26 69
42 71
69 91
29 36
13 55
17 88
76 81
53 74
34 48
6 61
39 56
28 47
60 87
33 70
9 69
48 53
65 78
30 71
6 43
24 38
8 72
15 77
57 82
6 62
45 100
25 49
40 88
22 53
41 60
20 39
11 20
46 84
29 85
42 54
32 48
23 80
66 83
18 45
18 100
60 65
29 98
26 98
37 39
62 64
20 29
72 98
16 78
28 75
25 55
55 76
11 15
27 48
23 32
25 58
1 26
54 56
42 83
77 94
17 50
83 98
11 56
13 67
72 91
21 33
8 54
57 66
22 40
90 99
18 97
8 87
26 29
11 70
39 72
8 85
32 51
5 100
25 26
15 42
17 24
34 61
79 100
63 69
43 75
28 86
51 77
11 67
56 61
87 89
19 76
63 74
2 75
6 87
11 63
3 19
27 49
60 94
25 82
50 54
27 65
46 57
31 81
24 57
27 100
97 99
48 93
20 46
24 55
20 91
72 93
26 31
31 69
57 72
73 92
26 95
22 50
17 36
33 42
58 85
83 86
15 89
88 94
46 70
36 99
4 73
2 92
16 58
48 89
22 67
6 34
35 69
19 29
1 45
22 33
7 12
14 27
59 69
36 62
2 62
17 28
58 74
7 100
73 76
33 68
43 92
8 9
45 99
18 30
9 60
23 26
43 57
16 67
33 84
11 36
31 68
9 83
27 99
26 73
22 87
2 7
64 96
33 45
23 90
33 96
5 81
50 84
17 82
3 43
24 97
32 70
36 84
14 96
21 58
35 46
62 77
14 41
3 50
38 94
36 86
9 35
30 38
29 73
19 44
16 70
14 99
22 46
20 58
14 70
52 89
72 99
26 51
19 80
32 92
21 36
16 80
43 86
52 58
4 45
31 32
5 63
39 70
13 47
6 37
46 66
96 99
28 43
21 46
29 61
29 94
22 100
23 99
16 93
24 53
51 66
2 69
6 69
12 22
9 94
47 76
67 100
62 95
20 54
1 25
10 36
35 92
24 31
15 55
43 99
16 20
24 100
74 83
20 26
85 93
8 38
82 92
94 97
31 48
69 79
10 87
59 78
12 87
71 73
83 89
1 54
50 80
7 82
25 92
71 100
6 91
37 97
47 82
63 68
13 100
31 52
12 84
32 35
69 96
64 80
27 80
5 37
67 95
16 100
45 83
5 35
38 71
20 64
48 59
4 70
53 63
35 61
7 85
14 90
56 98
52 60
2 89
10 27
9 13
45 65
88 95
89 100
84 94
2 49
72 89
18 85
4 51
16 44
8 96
15 76
1 6
26 27
31 92
40 81
26 93
2 46
60 67
82 93
34 81
65 99
8 48
24 30
92 95
10 31
57 64
14 84
55 92
62 92
12 61
37 74
34 56
43 84
76 85
50 87
33 39
7 35
41 42
8 97
20 56
14 62
24 70
28 45
21 52
51 62
24 72
19 88
18 94
56 78
13 65
29 49
46 87
74 95
9 38
49 88
32 73
55 68
31 53
18 55
4 61
38 100
34 68
55 72
15 98
6 88
39 42
37 52
27 70
38 60
47 61
33 52
16 32
79 82
23 65
80 94
63 78
33 44
12 83
3 48
18 71
87 95
1 41
18 52
10 79
19 26
28 80
49 97
17 81
14 32
66 88
29 60
37 95
49 72
75 99
19 83
2 45
88 89
14 79
12 85
47 62
43 65
16 76
6 41
28 87
31 88
12 93
34 52
4 5
68 88
78 79
10 70
1 55
7 29
33 38
68 98
50 70
63 71
69 93
6 40
38 98
8 57
30 50
42 65
60 91
27 44
18 39
21 29
45 82
25 94
46 89
1 38
2 84
34 59
52 77
72 97
28 42
13 81
13 16
83 84
31 100
79 81
39 41
15 20
4 43
83 88
14 57
23 52
12 47
69 99
7 54
62 74
23 62
47 67
20 57
23 46
48 79
30 36
79 95
43 95
27 54
83 91
80 91
46 85
20 72
6 58
68 100
28 84
6 79
64 68
3 8
41 66
13 21
75 88
51 85
67 71
46 80
56 62
23 78
21 84
80 89
3 42
77 97
44 92
46 53
16 35
44 50
37 45
67 82
53 98
1 82
32 41
3 93
12 55
6 92
48 92
22 95
70 87
13 56
17 64
18 91
3 36
67 79
61 80
58 88
28 36
17 97
19 46
53 90
59 74
50 73
44 83
72 77
18 44
40 87
7 18
6 27
36 51
19 58
10 11
29 99
32 45
13 49
37 89
21 76
13 79
2 8
62 75
8 58
36 50
58 79
54 87
4 39
2 80
24 78
61 67
1 81
18 59
30 73
3 90
13 53
54 74
4 65
57 77
11 24
12 13
7 61
31 37
78 96
17 46
50 65
4 86
29 51
11 99
45 87
60 78
77 93
60 62
58 87
24 96
30 89
2 37
53 99
11 14
35 87
24 92
26 46
52 70
53 81
74 82
56 85
21 88
13 76
53 97
5 87
5 64
20 100
17 44
52 91
3 11
41 53
23 44
4 37
70 92
42 56
6 38
42 66
1 63
41 75
25 100
36 95
48 82
6 20
54 70
8 47
3 97
22 38
94 98
7 47
31 90
7 45
32 43
34 53
1 68
46 83
38 88
5 41
57 88
25 79
20 65
9 43
37 50
25 36
21 87
92 93
5 72
15 67
1 60
29 78
31 96
75 95
76 98
38 89
42 58
26 48
57 90
49 70
23 84
24 39
34 72
9 81
19 36
3 41
24 29
72 80
8 45
16 83
50 72
4 85
37 44
5 53
21 47
16 96
78 80
59 92
6 83
49 76
2 42
28 66
29 47
36 66
41 74
49 82
23 66
13 85
17 73
65 76
33 63
30 56
49 92
37 100
7 26
58 78
7 46
48 97
25 75
2 39
16 97
10 40
29 63
4 17
13 18
63 90
33 80
54 83
13 43
22 92
65 68
12 100
31 33
69 71
8 18
47 100
30 54
10 15
24 71
13 36
49 71
14 38
47 49
1 20
22 98
20 28
61 62
79 88
16 75
50 77
20 23
3 49
50 97
37 90
10 37
45 66
22 26
45 49
19 55
63 72
79 92
6 51
9 70
45 64
20 31
4 36
29 39
74 87
3 91
70 82
54 71
2 91
4 46
2 16
21 79
2 71
54 84
61 87
26 45
11 95
55 64
7 56
62 70
53 67
36 91
23 70
55 88
33 66
27 98
57 83
14 15
78 100
59 90
43 63
90 94
11 22
29 66
9 71
81 87
76 96
12 32
17 57
14 35
32 74
4 50
31 67
60 98
36 73
4 63
3 31
72 74
20 88
84 95
56 68
75 84
76 84
6 67
29 37
34 82
63 85
44 53
7 57
42 49
69 77
70 90
27 73
56 77
7 83
44 94
58 94
12 24
23 48
30 81
79 98
2 11
7 21
41 55
21 25
48 50
9 61
26 72
14 65
53 80
91 92
53 86
6 46
2 81
77 99
6 93
50 89
28 52
70 89
14 19
35 79
40 98
51 83
82 97
20 68
30 44
22 91
58 82
4 24
9 30
12 80
66 80
25 62
7 41
28 49
46 79
63 89
6 82
48 88
23 60
34 63
12 75
24 37
17 55
57 92
3 33
8 23
17 49
3 99
75 90
86 97
43 53
44 84
38 61
35 37
38 99
18 53
4 21
39 61
8 69
36 46
3 4
49 80
3 34
86 88
47 91
18 23
22 85
76 95
83 100
94 99
11 21
57 69
2 27
59 73
40 46
15 50
22 29
32 68
3 54
19 34
24 34
19 67
46 62
40 100
16 72
24 75
52 57
90 93
5 23
70 100
68 92
71 76
26 37
56 64
37 64
43 90
13 60
25 74
38 77
13 42
25 63
10 35
33 41
5 98
50 100
68 93
49 63
48 99
34 66
12 29
25 66
40 72
11 44
57 81
36 43
16 38
24 43
61 94
6 21
28 81
22 57
64 95
67 77
22 90
5 78
1 89
46 61
86 95
79 96
24 67
17 78
10 17
15 53
15 16
4 28
53 94
47 93
9 67
7 10
26 41
38 85
19 32
59 94
29 38
74 80
5 62
74 89
22 88
30 70
55 79
5 95
65 100
10 49
41 51
57 93
38 65
38 93
49 75
38 67
19 82
49 78
67 99
58 93
6 70
3 66
56 82
20 73
43 88
24 62
22 25
65 97
23 40
44 73
31 66
10 76
43 50
10 81
64 70
39 52
7 16
23 79
25 69
43 100
52 96
65 98
34 88
23 97
42 84
50 86
55 91
2 33
37 80
1 34
10 61
28 98
23 73
13 32
19 33
53 85
45 93
87 100
11 84
25 81
15 37
10 86
25 61
60 92
35 94
28 82
35 41
14 21
61 76
40 75
28 97
27 76
87 93
65 85
30 75
79 90
20 27
37 61
15 99
1 24
62 63
52 75
89 92
41 80
17 21
3 78
39 68
62 99
2 68
17 76
2 70
34 46
9 28
12 98
22 83
16 57
44 82
20 75
85 88
90 95
58 62
43 67
31 50
61 84
55 86
4 48
15 90
2 66
67 85
13 52
30 58
39 83
69 98
34 43
38 91
5 13
45 72
16 62
12 23
33 74
49 57
25 88
7 62
7 43
6 89
75 93
11 80
58 90
65 93
22 96
24 44
51 61
41 82
77 82
9 75
1 39
59 65
70 88
11 68
18 40
41 52
3 21
46 71
12 71
17 52
75 77
40 76
65 79
6 84
49 91
22 39
59 81
46 73
26 39
51 55
52 85
14 20
57 60
2 44
35 96
5 15
28 77
51 56
15 95
46 54
8 70
33 87
1 23
30 85
26 75
8 81
2 96
18 81
32 81
10 22
46 92
40 90
46 78
32 95
29 64
17 72
28 37
15 52
68 89
10 88
71 86
15 44
60 99
39 58
45 77
8 62
47 90
33 54
52 68
12 52
22 77
33 47
27 74
36 44
56 81
88 92
41 87
27 66
28 64
6 98
78 93
53 96
38 84
39 59
25 34
39 69
43 91
49 60
43 96
43 61
12 62
2 4
61 91
49 95
42 78
86 99
44 89
57 85
49 67
89 94
10 55
43 87
6 97
51 96
12 16
59 88
20 59
11 43
16 23
23 29
26 70
43 93
11 55
84 86
79 91
51 92
30 53
5 84
15 48
2 30
24 35
17 99
68 86
20 32
19 66
61 88
81 84
42 85
32 96
31 47
37 75
18 25
33 91
8 33
10 33
15 81
62 68
65 92
56 84
35 70
12 37
12 77
13 48
33 76
74 100
74 97
13 27
14 68
57 99
18 47
55 57
7 86
23 45
2 83
4 90
67 80
58 76
33 77
71 94
15 100
91 99
27 34
56 65
3 68
43 58
38 59
24 86
56 100
45 46
9 59
47 86
35 83
33 62
81 98
67 78
22 78
50 53
11 31
15 26
39 77
42 43
34 58
27 32
35 50
54 78
19 65
31 94
43 97
17 70
22 76
38 95
4 74
10 32
29 87
9 90
80 86
28 91
11 45
14 64
67 88
7 75
7 87
24 27
17 98
22 54
70 99
12 35
24 74
15 25
41 72
53 65
21 40
42 88
22 97
47 80
21 22
9 55
1 67
1 66
43 78
82 85
30 90
10 26
6 18
55 100
14 80
40 66
36 87
3 79
5 20
54 77
10 77
23 61
12 14
64 99
29 95
65 89
7 15
3 10
40 91
35 71
23 63
19 27
20 45
87 88
8 10
30 62
23 54
4 84
45 54
48 98
46 69
77 78
18 54
55 62
21 50
92 97
46 95
26 58
6 95
55 56
35 67
34 70
61 72
26 57
52 93
34 54
41 61
6 78
41 70
31 76
58 72
97 98
31 56
5 39
20 60
46 98
57 75
41 46
31 73
25 52
25 77
30 46
18 66
22 41
56 93
8 83
15 57
9 25
29 57
5 24
3 85
28 92
56 58
17 65
50 88
19 42
22 72
19 43
32 76
5 86
15 62
39 80
16 64
9 78
24 88
29 43
33 100
9 68
24 25
47 77
63 86
38 41
60 73
7 99
53 68
33 50
27 42
71 85
30 97
55 77
74 85
9 72
14 30
40 50
1 100
12 15
38 56
18 83
58 61
22 23
76 92
14 88
25 67
25 65
5 9
12 59
83 97
3 84
51 73
43 80
38 82
76 78
3 9
8 68
2 40
31 98
2 87
4 82
63 66
11 41
22 66
14 47
66 91
26 42
12 96
5 65
15 28
3 82
77 79
44 63
21 55
13 66
66 90
1 79
11 28
34 86
41 76
23 93
32 88
1 50
76 91
70 96
48 65
32 62
55 95
19 87
41 77
20 48
28 83
33 79
74 79
42 99
71 81
40 74
36 49
1 64
4 30
93 97
7 28
75 91
3 18
49 68
18 64
63 92
1 29
43 85
31 71
91 98
11 94
13 23
30 94
13 19
2 19
6 100
1 22
19 35
34 76
35 58
7 22
1 46
20 82
23 50
54 66
48 76
69 86
28 90
10 18
81 94
31 44
10 41
10 59
27 61
2 97
8 100
28 76
12 58
17 27
70 79
57 74
2 73
16 74
58 99
42 47
13 41
19 49
4 57
7 98
16 77
38 96
16 86
53 83
49 55
58 68
14 61
27 95
52 92
20 61
66 74
3 47
43 89
49 73
5 85
3 95
29 67
25 27
45 98
41 58
6 24
37 49
65 84
44 65
10 56
2 24
52 54
64 93
25 32
10 93
28 31
52 65
18 57
62 71
65 81
1 35
83 93
11 90
13 71
16 51
84 96
79 93
39 86
6 94
17 23
18 96
12 48
16 65
64 88
56 89
13 58
68 79
2 94
14 72
47 60
26 92
9 27
10 20
47 68
16 56
31 46
81 99
10 34
68 78
7 78
26 35
24 59
26 30
38 81
23 25
9 19
65 87
16 40
31 83
82 89
77 91
5 22
32 78
12 19
55 82
29 71
73 91
13 86
31 61
18 98
64 97
29 76
26 82
39 85
24 65
43 83
7 80
36 38
41 63
4 62
20 52
67 72
41 85
70 95
93 94
27 86
2 38
5 70
20 77
76 99
11 88
6 86
64 76
78 83
75 78
68 75
46 49
20 94
57 96
23 91
4 93
10 84
13 96
8 64
82 83
41 64
5 34
16 46
90 98
51 71
19 22
31 43
23 56
45 80
53 60
53 78
48 80
33 48
31 34
20 83
29 79
5 7
15 47
18 95
22 30
24 73
1 3
54 64
48 72
59 62
39 44
45 95
5 61
68 87
65 74
22 81
18 48
81 93
25 78
44 90
66 87
45 75
8 67
21 100
47 55
24 85
46 68
34 36
19 69
36 65
25 90
44 99
58 60
40 89
48 87
71 90
5 52
86 90
36 54
3 74
9 80
64 65
74 94
64 100
26 96
17 42
14 86
9 66
11 73
42 53
72 90
39 63
27 51
82 91
52 69
30 63
40 55
42 52
71 99
84 98
38 55
14 28
46 56
17 41
16 22
23 39
27 62
64 84
11 98
34 85
80 85
41 88
11 35
18 58
67 94
31 82
68 99
63 64
41 97
44 74
31 91
33 65
48 61
23 82
43 55
46 47
21 66
69 97
10 39
44 46
48 66
10 52
11 49
22 56
6 80
5 99
63 65
40 64
14 94
7 20
4 26
45 94
78 84
57 73
53 55
87 99
39 47
18 37
52 80
7 13
11 32
9 95
41 71
73 98
10 74
33 69
85 97
1 19
1 31
11 27
11 64
21 48
30 80
41 98
11 100
2 6
37 68
32 69
52 86
8 26
34 71
6 77
44 80
38 92
45 76
3 67
1 95
40 54
4 52
55 93
57 70
79 97
78 98
22 89
90 100
41 57
60 89
27 56
50 99
25 93
19 25
27 92
32 52
44 57
14 76
14 75
5 25
86 94
37 76
24 41
12 95
44 87
68 77
63 88
25 31
3 24
45 47
15 18
40 45
27 67
15 24
5 43
40 79
25 35
5 67
14 33
36 82
33 98
15 49
13 78
8 86
4 75
10 30
54 94
12 63
33 51
46 81
36 77
66 100
3 61
36 92
3 60
14 71
40 52
11 75
76 87
56 94
45 74
2 63
62 88
18 21
3 35
51 70
51 59
13 34
25 56
39 79
71 74
9 46
83 95
44 48
13 46
67 81
30 34
50 62
30 76
8 22
63 100
38 52
16 42
59 98
30 99
55 78
35 99
50 82
15 92
68 94
16 28
59 68
33 82
55 70
43 70
1 30
7 42
26 77
84 89
9 36
44 66
48 67
77 83
17 34
43 94
53 72
2 14
9 88
67 83
35 65
75 87
42 60
30 67
8 92
3 81
41 95
6 55
2 50
8 77
29 30
53 61
34 79
28 48
44 77
61 92
49 85
6 13
55 89
50 63
23 69
34 69
9 52
10 68
11 82
10 13
30 74
37 65
31 38
22 47
3 89
42 93
73 94
26 40
60 80
52 64
16 98
23 59
53 91
36 39
16 47
53 66
42 74
93 98
13 82
7 55
27 46
16 49
35 84
35 54
10 54
69 84
36 59
21 82
42 55
78 92
18 28
11 78
26 86
20 49
62 79
72 92
44 71
10 60
85 94
69 72
5 30
38 54
31 95
3 87
54 89
54 95
61 95
26 87
73 99
21 89
16 21
18 38
66 77
45 57
25 28
37 98
48 63
56 66
28 88
74 91
83 85
66 67
22 63
34 92
69 81
17 51
3 20
45 73
37 58
8 35
20 30
13 35
6 52
61 64
26 47
51 81
66 93
23 100
6 60
67 92
39 64
28 89
35 90
90 96
72 94
47 89
47 79
23 42
50 64
24 63
36 100
12 92
2 18
54 98
58 97
20 55
66 89
66 72
59 61
16 45
7 65
37 56
12 89
29 32
3 100
9 54
85 89
17 53
76 97
3 76
4 64
16 34
14 66
87 92
51 60
60 82
11 26
38 80
19 51
21 57
10 72
26 62
21 73
46 60
40 94
10 91
25 95
24 47
91 97
63 82
10 16
55 60
81 91
31 57
34 45
37 87
59 72
15 54
12 81
27 69
40 85
1 92
60 86
21 98
22 82
14 40
50 92
38 76
83 87
23 49
17 38
58 80
32 49
14 53
42 90
39 81
57 63
1 44
67 87
17 75
61 98
14 52
75 82
15 85
17 94
13 93
86 96
37 60
54 92
36 76
19 90
30 69
23 87
1 13
34 91
8 36
31 85
45 59
34 51
2 55
80 96
5 29
28 71
39 50
15 84
26 84
35 91
84 99
48 71
7 89
22 69
59 83
9 74
14 73
56 91
71 75
21 37
7 97
54 65
28 34
29 72
71 97
15 22
70 74
75 94
6 19
59 93
8 43
22 44
54 67
48 60
7 63
12 56
46 93
13 91
30 65
43 74
94 96
23 83
53 76
72 75
80 95
26 38
21 68
58 59
16 82
1 56
42 61
63 93
19 45
34 75
4 88
42 76
30 92
16 99
8 15
10 21
17 71
39 51
5 31
5 79
49 54
8 73
50 95
15 19
14 39
17 89
17 63
17 92
47 97
40 78
43 77
58 92
12 99
13 87
54 88
70 94
48 57
46 51
16 79
54 55
38 70
40 84
3 83
73 78
13 38
59 85
8 79
15 41
18 34
64 92
25 40
6 11
96 100
63 98
59 91
73 87
6 66
21 43
30 64
17 58
1 8
5 6
18 26
58 95
39 88
77 88
45 52
43 59
55 85
9 37
16 41
20 43
2 34
3 15
17 18
9 20
5 66
68 85
40 51
27 79
4 76
17 37
24 61
56 87
1 73
4 69
29 35
9 85
35 39
40 95
67 96
32 60
51 95
19 48
12 70
17 43
11 69
89 99
32 83
42 63
9 42
55 66
32 57
12 49
11 92
28 70
32 42
66 97
27 39
21 34
5 46
24 46
21 67
51 89
50 78
71 72
63 95
60 75
75 96
62 73
44 56
71 95
6 15
25 85
36 56
60 74
12 97
26 32
4 77
28 60
38 63
30 93
23 33
19 91
61 97
12 39
6 31
15 40
68 76
5 75
29 92
25 50
77 81
69 88
26 76
5 40
62 96
12 43
18 99
65 75
44 55
31 64
74 93
5 47
89 95
55 58
55 96
38 79
28 68
1 99
47 66
1 52
21 62
5 93
20 79
32 71
73 84
27 38
53 56
72 86
26 66
21 83
11 30
4 67
13 74
45 88
29 69
31 36
47 96
48 68
2 65
64 89
64 67
15 71
14 25
5 14
36 42
45 91
5 88
73 74
33 35
43 82
14 48
24 64
58 100
66 81
23 75
65 72
50 98
28 56
39 98
28 63
37 69
27 31
71 78
12 57
45 55
