24 276 5
858 792 -600 -149 436 -276 511 705 -242 155 -349 84 -469 -279 893 869 909 166 797 613 -488 995 239 -417
7 19
18 19
10 24
3 23
1 11
13 24
4 10
23 24
5 24
4 13
11 20
9 18
3 21
1 21
10 23
17 18
21 23
7 15
2 19
18 22
11 14
16 22
20 24
7 12
9 15
9 21
15 23
4 19
14 17
3 8
17 21
18 21
22 23
1 20
12 18
4 20
3 4
12 17
8 22
9 20
8 16
2 22
13 19
6 14
1 19
13 23
14 21
16 23
9 23
3 17
4 7
1 8
6 23
15 16
3 7
5 13
16 24
5 11
1 6
5 6
10 21
10 18
2 12
5 12
1 13
3 12
1 17
8 15
1 24
2 11
1 23
5 16
6 17
2 7
6 9
3 16
5 15
6 24
4 5
20 21
8 19
2 20
5 14
18 23
9 12
8 17
3 19
8 18
8 14
10 13
16 21
8 21
14 18
2 3
9 14
5 8
12 16
1 14
4 9
9 10
5 22
8 13
5 20
2 15
7 22
1 18
15 19
2 18
14 16
4 21
9 24
6 10
6 8
3 5
4 23
10 19
5 18
2 23
11 22
10 12
3 15
19 24
7 20
12 13
19 21
9 16
6 16
10 16
14 24
9 19
8 24
12 21
4 15
15 17
7 18
15 18
12 19
11 15
15 21
19 22
1 22
2 8
17 20
6 19
2 17
4 16
13 17
4 12
1 12
13 14
10 20
11 12
3 24
4 11
10 15
5 9
7 14
9 13
15 22
3 9
1 5
3 6
3 11
6 7
2 24
1 15
17 19
21 22
15 24
1 16
3 13
17 24
2 10
3 22
12 23
22 24
8 20
13 18
2 13
1 3
4 22
10 17
11 16
6 20
7 10
12 15
11 17
19 20
6 22
13 20
19 23
2 5
20 23
3 18
6 18
5 21
7 9
5 17
12 20
7 16
11 21
17 22
21 24
1 9
7 21
6 12
11 23
1 7
20 22
8 11
4 8
14 15
12 22
8 12
14 22
10 14
11 13
12 14
7 8
9 17
8 10
9 11
7 24
11 24
17 23
5 19
1 4
1 10
6 11
18 24
13 16
14 19
6 13
3 10
2 9
13 22
2 6
7 13
1 2
13 15
16 17
2 4
5 23
3 20
7 11
10 22
3 14
4 18
4 17
7 17
10 11
5 7
2 14
18 20
14 23
11 18
4 24
2 16
13 21
16 19
16 20
11 19
16 18
14 20
12 24
4 14
7 23
15 20
8 23
6 21
9 22
6 15
4 6
8 9
2 21
5 10
