28 231 7
-345 494 541 288 -515 664 636 -330 836 -683 465 -375 416 693 -825 -896 882 -725 446 275 -221 572 -525 -706 595 687 -897 -43
17 20
1 26
1 6
17 21
11 16
11 12
14 20
5 19
2 4
16 17
12 18
20 26
2 5
1 19
18 19
2 19
14 16
22 23
12 28
2 28
16 18
7 8
3 11
9 11
13 20
4 27
21 24
10 19
18 27
2 25
17 28
15 27
5 14
5 28
3 26
14 28
13 14
16 22
3 12
12 22
18 22
6 23
5 20
11 17
20 25
24 27
7 17
6 7
8 23
4 13
8 24
12 24
25 26
16 28
23 27
4 19
11 21
13 15
2 14
17 25
15 22
10 26
12 19
1 5
7 28
1 21
9 15
11 13
7 13
3 14
11 25
1 2
9 13
6 26
10 21
12 14
5 22
1 18
5 21
8 11
1 16
11 28
22 26
14 21
13 27
19 21
5 18
8 12
9 20
12 25
10 17
6 11
13 19
4 6
20 23
10 23
1 15
9 26
12 20
5 8
8 13
2 16
11 15
3 22
1 4
9 16
3 9
15 19
20 28
12 23
18 24
11 23
24 25
15 20
15 21
13 28
5 24
12 26
22 24
7 12
11 20
6 21
6 25
7 23
21 23
19 25
26 28
8 17
16 25
7 24
6 22
1 9
8 21
11 18
14 26
3 16
5 9
7 11
13 24
3 17
5 25
19 23
21 22
11 27
14 25
4 26
1 25
3 10
6 8
1 13
13 17
23 28
8 20
3 21
7 18
13 26
1 12
2 8
10 12
1 28
2 11
1 24
19 27
2 17
18 26
4 15
2 3
4 12
1 10
3 18
4 24
6 12
11 22
13 23
8 10
1 23
6 19
7 26
16 27
4 8
6 28
7 16
5 23
3 15
2 24
5 15
4 16
24 26
4 17
16 19
10 16
9 27
7 21
1 20
8 18
2 18
8 27
3 6
14 19
21 27
7 19
7 27
8 26
16 26
20 27
1 14
4 22
3 19
22 28
4 9
1 7
18 21
7 25
2 6
9 12
19 28
3 20
5 11
9 10
22 25
3 7
15 18
3 27
23 26
13 22
3 24
4 5
13 18
4 11
2 15
4 18
