196 2947 96
7 -952 -918 -769 609 -915 341 -856 215 94 622 -980 -907 -966 155 55 -672 798 381 320 -75 248 -638 -51 -640 -951 101 58 954 -325 -316 -605 397 630 -82 -511 121 -279 -580 -446 386 -466 -191 -62 -39 762 -488 -437 -469 -904 -305 -466 -624 -373 -302 520 -173 -343 604 -712 812 732 -742 -226 -512 30 620 940 180 -542 -872 -243 405 672 445 -145 -516 774 618 696 -261 564 866 139 289 -264 696 806 693 674 -137 -603 -899 -374 136 986 -342 -889 928 372 -352 541 418 636 406 37 -243 -197 117 -429 -854 -478 478 83 -928 -355 -649 669 308 273 -780 860 -258 697 633 562 -227 -674 -700 133 -599 756 -281 686 315 576 83 956 -99 -792 -663 435 902 83 -35 -157 537 896 -519 469 334 -84 -752 815 704 8 28 -155 954 -78 221 393 958 -368 604 567 -488 -140 -878 -240 643 946 790 768 733 567 589 915 -911 988 414 -735 -720 -837 674 477 876 -242 829 -194 696 -129 -413 -661 -967 -22
151 188
116 141
21 47
141 183
156 182
7 56
94 102
140 159
143 169
63 151
35 48
144 175
102 164
117 183
122 139
29 67
29 46
32 51
80 92
88 158
172 186
15 128
56 77
51 52
40 79
72 117
30 76
144 178
75 195
4 97
19 138
39 116
47 142
19 45
53 162
41 158
56 66
122 192
62 178
35 74
67 73
83 156
33 145
97 129
144 179
75 91
125 174
40 182
7 157
100 135
11 77
128 184
29 40
11 15
165 168
48 92
22 195
57 91
69 122
24 141
26 96
108 128
66 138
17 38
83 104
13 20
42 95
36 174
183 190
82 160
115 188
88 152
9 115
78 182
111 136
76 105
9 89
106 125
34 129
11 141
44 47
57 190
48 86
60 164
55 114
42 165
1 31
66 109
95 192
13 68
93 144
114 164
126 180
59 128
8 40
11 39
110 175
3 81
21 179
83 133
54 95
31 110
69 157
95 110
69 97
59 134
100 124
141 155
85 181
88 126
38 190
98 100
97 126
164 181
15 42
27 139
106 109
143 174
42 174
69 135
83 94
148 188
7 33
133 175
119 156
21 80
108 115
31 194
12 128
166 175
79 136
118 179
37 154
150 193
36 65
44 182
120 137
106 160
49 67
155 187
60 191
71 132
172 178
24 156
139 172
8 22
33 156
122 179
88 133
116 128
142 191
78 180
64 86
14 59
37 92
74 152
37 72
34 122
21 137
141 173
107 165
158 166
27 138
5 99
10 82
52 95
146 150
32 144
28 125
130 172
79 90
109 147
64 196
74 96
114 160
83 109
142 189
50 181
31 105
8 143
57 98
79 140
43 131
92 167
2 124
3 146
101 143
5 68
47 80
66 124
105 127
84 188
36 67
56 141
120 156
136 183
100 144
44 191
18 177
50 62
44 141
9 134
87 92
84 143
60 162
12 16
43 98
44 115
17 45
41 124
54 191
6 77
67 111
6 159
17 48
83 131
108 157
125 153
11 182
32 50
25 26
63 137
159 171
123 159
113 187
31 42
110 190
41 174
129 173
86 170
68 73
185 188
124 192
163 188
70 158
12 84
113 122
28 66
72 79
99 174
7 134
21 78
2 74
48 113
40 167
73 85
107 187
65 171
80 182
82 179
64 190
72 159
30 32
53 61
3 77
58 142
33 92
1 195
34 110
115 116
64 138
109 118
58 64
121 195
65 151
47 189
11 131
34 36
125 175
2 8
1 109
49 114
15 132
47 77
13 70
149 151
64 104
29 180
3 173
51 166
129 156
75 170
89 114
32 155
25 36
8 19
18 102
83 165
1 176
5 64
38 44
31 175
17 137
70 133
69 170
16 110
37 69
147 170
44 45
33 59
36 194
111 183
127 175
21 154
34 47
6 22
22 31
95 164
102 148
16 51
12 150
16 26
81 151
175 183
182 194
80 143
113 153
147 149
72 175
10 178
91 158
12 28
48 161
134 182
23 143
41 96
96 162
4 98
61 62
24 188
134 184
49 152
93 112
15 183
17 52
80 160
36 156
40 138
62 161
34 40
26 64
158 170
71 105
37 180
79 122
46 157
99 156
119 136
8 126
17 42
49 86
90 189
61 178
46 117
1 21
107 112
125 128
65 154
138 165
34 118
38 112
3 16
65 88
94 101
118 181
37 54
43 159
28 134
113 154
132 190
88 115
95 96
83 108
106 184
63 85
73 161
10 135
115 146
101 123
109 171
29 149
45 144
148 177
151 165
61 141
133 142
42 143
25 68
71 161
70 86
29 120
82 147
80 161
26 90
19 180
58 122
45 90
112 147
28 105
60 129
21 64
98 194
60 148
22 97
4 188
8 100
32 55
89 91
3 22
116 156
48 72
138 193
142 148
27 82
61 122
1 132
5 177
110 173
73 127
60 116
69 80
70 127
116 149
101 146
14 46
7 196
27 122
25 138
82 163
46 178
34 185
5 139
7 176
47 181
30 160
37 97
151 155
52 81
131 196
127 152
65 71
16 144
78 152
19 55
159 177
67 176
4 141
20 46
168 195
4 68
59 72
19 158
87 183
142 186
139 150
11 16
173 182
44 144
157 182
97 180
86 108
23 72
52 184
78 98
7 26
30 158
17 51
32 58
146 170
158 162
49 133
31 46
147 173
122 133
136 181
96 180
29 111
87 118
96 185
50 110
13 189
134 144
31 189
13 94
54 66
30 63
17 150
96 183
136 171
26 32
32 159
73 130
117 135
28 58
14 98
136 139
30 69
146 177
118 130
74 115
87 142
71 107
10 159
168 190
12 56
161 173
58 77
11 103
116 187
95 169
55 69
111 121
37 131
12 155
81 136
63 102
53 113
46 145
89 121
41 185
175 193
47 168
137 138
19 40
53 143
76 104
188 191
30 192
105 146
110 150
20 152
52 139
166 181
91 111
93 123
30 126
136 155
116 140
86 136
111 117
10 143
91 116
116 151
71 195
49 61
8 35
65 118
5 111
20 111
110 159
90 150
67 92
115 162
81 120
103 148
92 99
133 184
42 47
115 184
116 167
141 174
35 44
152 176
27 102
2 68
104 180
26 152
53 158
89 119
36 89
24 47
146 148
24 160
36 144
86 131
7 138
26 93
89 102
135 177
103 183
12 72
14 55
16 184
4 112
3 95
172 188
112 136
96 127
88 151
14 186
28 79
65 114
24 63
5 129
42 111
93 127
25 136
47 97
14 166
169 184
22 179
78 122
106 161
158 191
65 143
48 53
77 101
59 71
105 167
54 153
6 94
137 196
99 177
51 107
58 86
23 104
18 99
88 93
97 135
37 61
137 182
9 174
25 123
27 64
96 187
66 156
161 191
16 132
24 77
31 111
35 73
76 164
83 113
17 58
35 75
21 152
142 193
118 156
95 142
60 89
21 188
58 180
76 162
19 122
24 187
79 83
105 149
105 134
49 162
10 123
101 141
116 137
58 87
98 134
19 190
155 194
45 109
106 137
56 175
92 166
114 156
45 97
85 112
29 110
130 170
126 186
59 116
86 98
90 184
99 120
55 56
131 154
70 111
40 158
92 112
93 117
4 46
76 129
96 178
69 184
34 135
94 143
63 147
6 64
143 196
26 133
150 195
102 136
25 191
35 80
21 155
85 148
120 152
37 116
68 95
22 54
134 154
44 134
157 175
49 127
23 195
161 196
79 113
172 196
44 164
43 90
76 124
12 90
39 45
146 161
6 156
12 126
85 128
30 129
15 69
78 135
122 123
50 70
81 157
41 147
11 143
55 134
15 173
3 139
31 106
145 156
176 185
32 176
147 188
26 82
108 123
82 100
66 139
123 162
29 91
4 171
49 80
51 110
127 165
68 164
3 67
151 161
51 121
76 166
79 165
26 57
46 81
22 47
123 180
111 155
6 192
17 54
91 126
30 169
108 165
26 48
26 74
133 187
51 190
155 177
94 126
4 166
21 94
70 119
53 119
38 170
141 184
63 141
39 173
88 161
5 115
35 142
83 115
31 136
73 97
86 101
81 146
190 195
91 100
10 162
83 192
92 119
156 171
11 120
47 90
23 93
114 131
98 140
25 48
131 151
46 80
25 184
85 185
131 186
155 164
67 101
152 175
43 181
25 72
82 161
19 169
75 184
9 76
101 189
100 134
29 112
5 190
59 145
50 72
9 152
19 147
35 111
68 170
29 108
161 180
100 154
64 150
93 104
36 177
87 187
6 162
44 68
33 71
1 94
25 114
99 184
110 177
191 194
78 79
129 181
153 181
77 147
61 133
6 182
99 186
131 155
75 106
125 126
114 169
81 178
92 173
29 49
35 130
26 154
82 193
59 112
8 149
35 145
60 73
22 175
161 172
131 193
18 168
11 175
19 71
98 149
119 159
129 191
40 127
23 130
126 184
164 192
71 99
102 168
57 122
112 132
107 174
80 115
3 180
156 193
67 144
47 113
159 189
28 43
80 140
59 140
11 33
24 105
77 158
29 31
79 98
41 163
25 119
110 140
108 170
35 46
110 163
31 107
21 92
158 187
11 109
72 142
27 128
74 128
26 45
11 52
139 187
121 172
44 80
45 172
44 91
59 111
1 59
77 84
8 53
65 97
32 166
74 95
139 177
32 141
36 80
57 76
46 111
175 176
89 131
12 61
34 64
75 148
113 132
66 121
139 182
94 111
3 80
16 60
22 147
56 153
4 116
78 134
76 160
65 115
56 133
81 115
3 90
1 42
34 90
27 149
29 173
106 190
51 131
85 157
74 183
7 35
53 131
8 178
60 61
37 148
134 171
17 99
55 162
145 153
34 196
77 127
47 84
25 126
60 182
9 155
127 174
2 16
137 163
16 94
36 95
30 84
69 124
2 80
59 139
35 37
4 184
20 44
85 102
26 190
18 48
24 174
149 176
66 169
91 176
61 116
24 108
96 133
116 144
95 118
15 40
9 46
135 171
72 144
77 153
120 134
97 146
13 79
101 118
35 156
170 173
102 107
102 129
88 96
55 65
12 192
25 163
40 191
108 135
27 38
37 196
72 123
65 110
72 176
9 100
2 169
3 160
36 133
87 116
65 131
54 55
99 193
36 103
23 79
45 133
15 23
28 173
156 195
67 108
64 144
56 75
68 131
5 194
99 187
112 160
160 163
106 143
114 157
73 188
47 170
88 163
132 172
12 190
47 101
17 43
72 108
102 193
120 173
26 68
82 121
44 46
17 20
93 196
90 188
27 186
46 184
95 103
103 134
156 179
107 171
30 184
16 117
2 166
7 191
34 157
91 145
12 137
12 177
86 124
108 131
54 185
17 109
24 56
13 59
130 135
18 120
16 157
6 83
4 131
102 181
107 134
16 98
26 67
4 111
143 166
183 184
4 162
67 177
33 95
28 109
6 81
28 169
60 152
17 77
23 178
3 54
68 140
53 86
70 81
43 196
53 144
59 88
74 190
132 159
64 80
95 121
39 141
130 152
115 125
45 99
62 185
93 160
117 154
42 62
152 163
84 113
34 57
14 31
6 39
78 102
10 93
16 138
167 171
31 86
106 115
120 179
25 170
40 163
26 36
91 134
26 77
27 107
31 44
42 167
80 133
65 128
49 93
7 81
28 123
64 143
78 141
46 82
46 91
185 189
27 101
44 110
55 191
73 189
45 92
39 97
83 85
30 122
33 112
28 180
9 85
10 151
10 38
121 150
11 187
99 122
146 172
86 134
133 190
94 169
6 137
67 190
12 20
14 122
67 115
60 113
115 166
16 111
93 185
70 193
27 194
1 140
30 101
55 57
121 149
124 189
40 193
27 153
76 183
7 144
78 137
54 89
81 130
31 122
75 177
80 91
29 134
74 110
29 30
30 92
63 191
68 172
16 160
45 89
87 151
122 167
92 128
123 142
4 84
61 170
41 179
18 194
25 137
15 147
100 177
69 168
95 113
10 55
58 135
31 85
150 189
139 171
17 155
50 175
41 153
88 136
17 103
155 166
51 64
80 96
27 42
47 145
31 92
33 130
6 75
7 142
162 171
52 99
22 96
25 61
9 179
90 171
23 166
77 109
5 134
72 186
59 193
55 193
71 83
93 126
103 174
141 166
38 162
151 160
69 93
29 132
3 164
31 94
87 110
86 151
51 78
116 142
76 155
82 145
5 162
97 191
35 140
90 172
70 156
3 122
35 122
28 116
73 99
7 100
103 127
5 47
128 166
24 124
3 71
151 184
82 140
132 193
39 132
103 181
50 97
44 188
92 144
42 126
120 154
172 175
126 154
58 158
155 196
14 127
2 148
69 160
121 133
89 132
45 86
11 74
1 99
33 191
21 38
6 41
39 44
112 130
146 158
139 152
64 76
17 69
132 177
126 191
25 81
105 160
22 148
127 153
174 177
44 79
5 38
5 41
2 66
126 145
79 111
17 187
80 112
57 132
56 85
66 154
101 194
145 148
7 97
1 98
103 120
20 60
75 130
22 115
166 193
3 182
16 151
54 137
115 186
57 191
1 153
54 147
130 183
33 187
128 157
59 157
20 151
45 122
34 132
47 184
4 157
53 72
46 119
125 163
33 78
14 95
141 157
31 134
31 99
58 150
91 195
45 171
79 107
64 158
25 189
137 156
2 83
13 88
41 84
7 182
71 139
42 76
141 176
43 50
33 155
155 191
52 164
73 83
65 137
130 132
62 148
11 86
29 68
64 94
58 171
160 167
17 19
74 109
62 95
30 91
16 133
9 50
65 133
21 146
159 182
38 130
16 148
45 71
51 175
171 193
11 41
35 68
42 127
157 178
99 160
84 170
64 191
117 193
101 181
30 132
14 40
119 121
19 28
140 166
50 158
83 179
20 51
67 134
104 168
85 135
45 63
44 64
54 124
45 82
98 150
150 192
26 58
89 181
62 112
84 106
68 70
132 184
10 27
146 196
45 194
61 162
67 138
15 107
11 25
32 35
6 67
66 69
20 126
105 173
25 69
19 60
94 122
47 139
56 184
21 41
57 116
86 177
76 98
131 190
41 78
139 155
134 163
42 191
71 149
76 132
27 156
59 93
27 28
26 27
34 58
58 108
14 37
110 129
66 96
120 145
46 177
66 67
109 192
84 178
21 106
69 158
68 134
52 116
21 62
93 94
128 131
108 169
22 102
80 113
38 83
31 195
45 124
21 79
12 13
46 104
80 151
38 150
24 106
91 143
36 38
114 172
20 195
12 132
47 105
22 83
29 191
45 103
2 36
28 71
19 30
73 144
62 111
62 98
9 60
73 76
60 187
8 188
20 128
99 139
110 135
11 172
75 129
70 160
30 149
56 159
40 58
131 157
38 115
52 144
100 142
159 185
71 147
99 162
59 69
87 103
62 82
166 186
21 85
156 165
66 168
91 92
162 194
52 183
47 149
64 169
4 56
30 62
48 58
143 148
23 87
88 134
192 193
28 170
17 185
4 29
24 48
2 131
89 90
1 14
137 195
9 51
32 149
71 182
23 89
46 142
13 128
125 186
27 49
47 98
127 171
44 66
81 161
64 171
100 189
122 149
12 52
60 195
24 55
5 97
7 180
89 157
137 142
33 141
50 86
89 98
72 174
72 74
42 136
140 149
34 179
31 124
66 158
91 169
94 186
45 187
26 60
43 59
44 183
11 183
22 58
23 120
76 142
33 84
15 116
27 65
178 182
79 176
92 130
38 68
31 135
67 119
147 167
6 142
23 71
4 192
20 108
25 41
108 179
48 187
100 104
7 160
67 79
129 169
77 188
133 166
172 177
29 62
121 187
37 133
61 182
36 176
67 86
58 172
78 188
84 175
87 152
55 111
91 106
101 153
106 131
145 195
50 184
15 68
5 137
95 167
25 190
80 152
123 165
4 36
111 113
116 131
28 150
169 170
103 159
1 181
8 185
17 140
14 68
26 161
8 165
110 180
70 74
59 82
139 161
147 168
158 160
113 121
9 121
140 150
19 108
42 166
171 196
46 52
13 33
122 138
129 170
23 76
26 120
63 106
102 122
7 190
92 155
77 166
35 187
47 138
15 34
60 68
21 66
103 162
95 111
32 88
72 179
119 164
48 143
85 178
2 126
86 180
82 108
54 144
6 115
130 141
77 134
73 109
35 120
162 187
124 186
5 122
15 123
1 171
53 60
78 119
58 97
67 83
83 107
88 157
6 154
48 80
91 136
38 85
65 140
93 151
5 79
124 193
130 175
71 73
119 125
3 177
26 84
76 184
45 138
81 160
110 168
130 189
81 158
72 168
36 63
71 117
70 191
37 114
104 108
82 114
74 116
79 125
85 106
18 33
8 87
119 183
46 101
20 106
19 52
10 19
28 68
62 166
67 126
12 157
27 187
82 123
111 145
47 69
13 177
10 120
118 122
106 127
35 60
117 127
144 181
29 104
21 28
130 193
69 169
11 114
74 135
33 55
18 91
60 115
46 123
36 150
119 181
176 186
12 106
68 83
17 71
39 118
52 150
91 141
3 25
40 117
112 120
5 159
48 148
32 38
65 89
31 97
44 74
37 189
42 159
23 191
11 92
75 153
32 43
50 182
103 184
11 18
49 81
3 116
116 117
96 169
174 183
59 123
42 108
10 89
39 82
8 131
114 128
47 107
65 122
84 90
87 107
28 127
64 91
69 164
18 71
40 119
71 143
107 150
66 100
72 147
60 173
12 31
53 123
54 83
42 89
5 76
134 149
88 110
18 27
104 169
144 162
24 155
82 175
30 135
92 141
63 71
15 177
103 129
123 186
3 17
1 32
141 150
17 102
10 86
147 187
111 123
50 51
37 38
27 146
40 128
45 170
15 190
133 183
136 143
12 194
132 163
46 152
110 179
22 193
60 70
122 164
55 179
4 133
63 70
6 196
111 143
54 121
19 156
46 127
28 81
57 69
81 144
156 180
78 133
23 109
38 43
53 188
56 103
28 83
3 21
35 164
12 98
55 75
92 162
127 155
133 186
145 155
182 189
3 120
10 118
8 84
37 145
22 79
7 101
117 148
64 108
9 106
141 156
164 167
10 37
65 85
74 103
88 90
46 53
85 180
30 105
73 114
47 58
117 177
26 172
97 99
28 142
76 85
105 166
191 192
6 61
19 37
88 106
15 122
25 148
30 94
92 126
127 180
57 157
25 115
9 80
84 125
128 129
50 75
89 93
88 174
39 171
56 152
10 28
106 183
5 37
110 164
132 196
73 153
70 171
18 117
87 192
18 169
38 95
103 133
30 104
101 110
33 110
117 191
84 104
43 144
117 167
4 64
52 155
12 180
34 54
147 155
58 148
34 109
70 167
74 184
52 192
180 188
118 165
71 165
169 181
86 159
48 163
113 161
109 196
25 100
36 55
33 105
127 170
11 179
32 60
89 128
26 43
87 168
43 168
41 77
46 154
8 51
18 167
54 131
41 148
13 135
27 120
139 149
129 139
143 150
1 110
17 130
31 125
121 169
151 159
30 66
127 177
72 137
66 71
156 176
46 185
15 182
6 66
42 173
132 185
157 162
38 110
69 118
5 138
8 62
72 178
17 36
136 137
42 66
112 133
73 104
68 72
26 162
119 167
54 126
107 146
17 145
29 70
62 126
139 191
76 173
112 137
8 81
88 180
75 79
77 104
72 191
51 70
65 120
10 69
84 118
82 129
112 192
31 58
53 156
114 158
44 194
66 88
146 167
101 176
32 61
12 51
16 180
2 164
11 148
23 45
14 75
17 180
17 176
5 70
106 182
62 100
24 65
43 72
105 164
37 84
38 132
13 35
60 133
9 182
61 157
135 191
131 146
1 86
50 174
59 119
26 178
119 124
29 94
24 70
150 164
6 57
90 183
99 192
181 195
23 147
33 160
86 106
19 48
132 154
22 107
44 125
81 192
20 114
77 151
26 53
18 76
1 119
10 175
109 125
25 118
15 148
57 61
67 68
5 133
103 118
36 41
7 167
24 148
15 99
10 190
80 146
68 119
5 184
34 161
25 155
15 45
145 189
128 141
13 176
23 69
109 157
29 192
87 166
24 64
35 151
43 133
80 181
45 130
24 173
94 179
122 193
52 105
112 114
52 181
85 113
60 151
31 103
103 106
77 117
161 174
173 187
46 129
122 186
68 123
55 127
99 117
14 36
79 127
43 80
24 91
111 180
2 174
33 82
45 166
86 148
167 173
2 7
113 115
70 165
60 82
87 88
143 179
102 150
14 88
19 25
22 60
19 159
11 51
78 82
115 141
145 191
129 185
22 27
89 117
80 157
67 152
100 111
156 187
144 147
121 122
109 163
6 114
17 26
59 154
47 120
167 175
101 140
43 69
38 105
11 125
23 169
52 123
54 87
50 132
5 104
19 51
39 83
85 187
36 169
26 156
125 177
28 152
118 139
132 137
35 72
125 185
28 72
26 147
32 182
30 52
4 119
49 196
111 116
118 147
139 147
22 100
33 85
81 112
186 193
1 33
165 170
24 39
1 146
122 160
23 73
114 141
117 124
10 196
38 140
41 56
44 178
5 119
6 157
66 133
96 100
183 191
71 72
50 57
135 137
32 98
116 175
25 106
44 75
172 191
121 183
89 159
17 195
96 192
50 127
77 121
29 89
28 30
39 64
106 189
60 167
7 42
20 124
101 185
22 165
80 93
9 84
60 91
68 122
1 43
18 159
45 98
89 125
150 190
121 153
84 190
76 144
65 104
18 187
61 164
99 125
17 162
66 149
162 176
116 152
162 163
32 163
76 113
91 162
61 134
157 164
77 184
157 186
25 142
1 54
16 50
36 81
7 91
37 47
118 162
41 57
99 118
40 156
39 119
138 176
57 121
90 142
6 48
157 190
84 196
103 146
109 170
17 91
120 141
2 10
51 74
104 134
81 83
101 160
48 152
57 72
67 159
150 182
92 132
49 145
30 139
53 99
85 97
175 188
107 188
112 146
63 127
55 187
42 161
77 171
77 105
13 44
75 128
11 12
10 46
12 133
62 94
62 75
34 46
36 139
1 65
33 65
18 111
147 161
101 178
23 165
131 189
9 96
70 124
20 49
141 195
97 166
95 186
83 196
54 133
20 116
4 79
88 104
84 193
166 187
102 138
32 33
11 193
57 86
21 82
44 136
15 41
63 162
67 157
111 153
99 165
100 175
174 178
111 164
29 182
97 122
88 117
24 193
19 118
18 191
169 179
70 83
2 12
4 129
23 75
3 179
160 174
154 164
8 122
179 188
156 160
8 121
44 186
143 165
15 195
2 82
68 171
14 195
10 167
45 139
173 193
96 111
42 87
58 132
163 173
138 162
158 196
33 87
100 133
138 142
69 77
7 173
112 117
34 102
146 162
151 169
59 79
74 192
73 133
59 129
98 192
58 115
70 192
62 179
4 103
100 139
47 178
10 56
75 149
121 132
57 158
183 194
21 123
14 23
74 121
24 33
42 147
61 138
108 141
5 107
27 176
39 108
98 137
15 188
60 169
132 139
32 146
15 186
31 48
37 167
25 74
65 109
60 143
86 130
173 175
156 167
113 137
119 184
33 103
11 152
10 168
49 91
56 196
23 64
74 127
2 149
140 172
94 144
36 111
59 166
61 84
52 80
172 194
23 54
128 140
67 183
2 73
115 181
102 130
46 125
17 141
69 113
95 140
54 149
24 143
48 105
17 177
16 126
25 175
26 127
30 111
133 153
50 83
70 183
152 162
54 91
61 168
62 175
55 137
27 50
26 188
18 20
55 132
14 91
10 173
30 183
53 192
96 108
15 22
62 142
74 100
79 129
49 68
1 91
15 172
57 120
111 158
22 194
96 160
68 113
21 49
107 182
101 159
50 126
78 136
24 114
11 96
10 107
77 131
39 137
45 123
73 84
115 168
173 177
116 178
92 174
8 133
22 156
158 195
29 179
76 187
12 196
27 170
47 126
102 103
21 124
111 189
13 116
47 51
26 31
52 91
17 86
52 82
12 116
89 192
125 181
17 143
10 129
1 2
50 71
175 190
24 43
80 120
16 124
95 179
56 131
124 146
36 78
70 77
77 173
66 188
84 93
25 89
25 46
186 195
96 189
78 169
24 38
26 44
23 112
159 178
79 173
10 121
12 111
77 170
5 29
25 88
26 177
112 149
159 191
92 187
61 188
69 142
173 195
36 98
74 81
102 111
15 31
81 171
18 83
44 116
22 174
98 164
97 175
34 98
133 169
14 45
101 130
77 79
10 77
47 146
45 104
86 105
106 168
142 158
45 142
29 98
91 181
48 129
48 137
117 186
110 139
136 145
10 26
68 116
1 143
43 171
70 117
17 68
21 36
31 74
8 82
48 135
89 166
38 179
112 184
12 148
84 153
58 165
44 109
44 67
3 171
7 84
41 191
154 187
78 156
42 128
88 95
90 192
5 17
38 145
66 196
54 56
94 99
101 104
76 134
133 159
65 135
12 109
105 168
85 168
23 131
57 165
105 119
151 176
96 114
151 190
55 154
98 159
79 168
58 167
63 136
53 130
26 196
110 156
88 170
38 97
55 129
99 100
115 122
50 76
51 83
58 155
26 29
83 174
117 196
127 194
63 166
24 87
109 115
95 195
55 73
7 64
11 150
96 174
30 85
87 130
52 72
85 131
69 165
19 74
18 183
54 127
58 139
66 135
72 167
55 181
35 139
126 162
179 191
68 98
71 148
146 153
88 153
58 105
11 24
10 180
39 136
138 172
128 154
23 68
140 175
11 45
104 176
61 143
67 155
18 62
122 175
9 104
21 185
131 140
107 149
79 159
98 166
78 90
13 55
40 54
42 146
44 168
30 170
37 174
47 91
95 171
60 72
18 118
23 32
98 122
46 51
31 71
41 111
66 172
113 144
66 132
116 118
97 114
45 178
50 73
161 178
162 166
159 162
44 57
29 196
46 118
65 173
130 173
17 59
128 171
144 186
56 126
18 193
128 187
104 149
78 84
1 80
32 78
26 119
159 173
56 108
47 122
19 93
134 189
129 171
61 66
6 127
58 73
29 121
11 64
81 118
2 191
51 76
68 182
68 133
28 179
16 101
2 5
40 57
14 41
92 143
2 94
77 181
93 153
20 181
87 149
85 189
132 175
45 156
119 194
100 113
130 188
9 82
170 193
126 172
74 188
129 195
115 133
11 196
80 135
23 134
47 103
9 30
94 145
64 112
26 66
97 186
132 166
3 130
3 38
145 167
65 170
69 190
151 152
94 150
14 187
58 188
42 172
21 105
45 84
19 163
91 132
42 86
34 170
48 95
77 196
167 196
2 113
25 152
75 107
31 52
25 56
127 158
148 163
35 170
74 123
103 125
84 103
78 105
32 130
129 140
107 141
41 127
47 66
60 103
137 174
62 70
60 92
34 66
2 48
161 171
87 109
24 80
24 127
38 50
126 135
12 67
29 137
96 144
96 196
101 124
99 196
6 163
18 55
48 66
18 89
41 156
61 195
171 192
96 98
36 119
13 114
2 181
20 191
72 120
20 119
98 161
109 141
70 161
84 149
29 101
85 86
32 189
5 90
33 135
98 117
36 93
47 85
88 97
57 70
30 79
153 154
95 116
87 159
121 126
35 52
28 188
107 116
156 177
92 100
132 192
29 156
74 86
103 132
13 104
44 54
128 159
99 112
153 187
24 81
36 49
9 77
104 133
9 25
125 191
86 144
82 128
145 178
135 167
5 95
66 125
147 148
48 97
35 174
41 62
9 99
80 100
23 91
10 48
36 191
37 106
80 141
8 18
52 61
15 129
152 159
123 143
133 150
96 101
65 158
42 188
87 161
71 144
42 112
38 88
2 49
