100 4950 30
247 -524 -987 817 470 -339 932 -769 -283 -983 540 28 -926 126 -763 -946 -864 -356 55 352 874 376 196 -155 217 -307 -322 -478 -470 -965 434 551 -655 -179 -805 122 525 -561 -537 661 26 -500 865 993 713 492 545 75 128 640 136 -812 -226 163 980 785 699 -669 945 732 -857 -768 -70 972 744 -676 -622 -97 506 91 -973 908 -263 -284 892 294 914 498 343 -155 -545 328 -551 916 188 -717 -757 497 -975 259 405 -870 404 969 106 616 -902 -987 474 -693
31 87
6 64
18 63
28 76
6 23
26 76
64 78
23 33
68 74
10 31
21 91
5 55
21 60
41 71
26 82
18 85
24 61
28 94
57 73
8 94
20 78
42 97
7 52
61 98
22 62
17 53
56 61
90 100
42 85
9 35
24 65
46 77
1 17
23 67
47 59
18 48
7 25
2 28
53 80
35 100
21 65
16 18
41 46
12 23
15 34
41 68
9 18
53 73
90 95
74 91
28 31
31 100
17 20
9 10
36 50
12 53
17 42
15 92
3 35
10 53
20 68
42 84
66 93
5 46
18 80
60 73
66 96
42 77
55 96
57 100
57 95
62 82
36 89
26 88
34 77
38 45
8 34
7 34
41 64
1 2
27 60
10 96
43 53
20 88
6 14
50 94
49 58
20 56
2 53
38 58
47 52
63 95
60 95
15 73
7 17
47 81
79 96
34 70
36 54
5 19
9 27
64 94
3 97
16 57
1 37
26 50
52 82
92 98
51 94
72 83
39 89
10 27
32 47
53 66
3 67
9 87
2 33
9 79
93 100
6 30
11 37
57 75
21 44
29 36
43 65
9 62
30 93
67 68
4 92
54 81
21 48
2 38
1 40
55 80
89 90
31 77
1 34
3 70
30 69
21 23
25 36
5 83
65 92
68 100
14 77
3 17
63 65
13 68
14 62
63 74
42 52
48 100
45 56
67 70
62 100
7 33
43 71
36 40
8 78
6 83
25 53
3 20
29 68
31 43
53 69
88 93
17 87
25 90
10 98
1 16
29 92
49 51
1 44
39 80
76 79
31 32
37 39
34 81
46 98
40 48
68 97
62 83
13 88
9 42
57 77
53 62
31 70
7 88
29 88
59 60
54 64
60 96
92 94
3 33
13 93
25 66
76 81
34 87
9 14
64 85
43 59
7 76
9 32
16 45
8 22
13 26
2 55
60 97
32 73
14 64
46 49
58 63
46 87
12 78
39 85
91 95
25 63
40 78
37 98
48 56
20 80
5 12
19 48
34 41
9 19
10 69
30 35
42 82
65 83
6 89
12 18
12 33
40 75
38 40
38 77
32 53
49 87
19 72
18 53
4 99
42 49
3 65
7 58
2 69
25 69
67 82
42 89
50 57
42 46
25 87
78 79
75 92
31 60
5 97
8 21
25 29
7 61
54 73
52 99
66 69
62 63
59 79
3 31
42 83
17 59
17 83
19 31
9 81
22 93
46 76
1 85
12 37
64 100
32 91
21 63
43 92
42 47
12 26
9 30
5 73
26 38
37 76
11 46
34 84
26 92
30 71
14 52
9 93
7 51
4 97
66 95
28 98
36 56
21 52
26 28
28 90
16 22
16 28
17 91
31 47
43 52
53 68
13 52
10 68
26 73
16 49
33 87
56 71
9 63
10 83
92 93
20 48
20 96
95 98
5 62
1 84
31 79
27 68
20 41
65 94
84 97
22 81
14 90
97 100
83 98
38 60
6 26
19 64
40 86
28 56
57 94
58 71
50 79
31 76
42 95
70 79
34 75
5 82
23 77
64 92
16 21
21 37
5 28
22 35
12 28
16 77
68 89
18 76
19 40
12 72
13 40
2 17
27 83
51 90
8 50
21 59
1 43
73 79
15 39
48 85
62 90
32 84
10 55
32 86
85 95
59 62
25 46
8 83
41 53
83 85
22 53
30 80
35 78
72 98
8 64
29 75
12 96
33 37
4 61
16 42
16 32
34 73
23 74
82 84
6 75
9 58
34 79
23 98
37 57
62 69
34 92
17 63
8 79
2 50
54 91
73 80
38 85
43 87
38 69
38 97
30 70
7 64
13 50
57 71
20 81
22 44
47 77
44 47
27 52
66 91
69 77
28 83
38 59
46 67
11 60
50 78
23 32
52 98
87 97
51 91
54 77
52 59
36 66
22 58
27 34
4 81
15 50
1 74
93 99
18 73
58 66
76 95
83 88
3 30
43 86
2 92
69 76
17 76
41 92
51 71
17 27
40 42
33 86
45 55
6 51
33 77
50 70
18 54
20 52
19 50
59 85
4 88
29 57
32 63
19 84
29 95
23 44
18 79
56 93
60 91
22 34
80 97
2 58
48 98
4 37
41 54
20 28
43 99
8 17
2 51
22 56
8 33
66 75
43 84
20 25
9 51
40 95
4 13
17 37
57 96
8 14
49 67
27 84
6 63
2 42
11 40
87 96
74 78
12 21
44 89
16 20
2 89
25 100
56 62
23 80
7 47
43 90
42 87
16 95
9 65
69 94
29 72
4 76
32 75
55 84
71 95
13 97
29 74
80 84
28 99
56 89
8 37
12 32
91 99
8 54
57 90
60 66
29 43
39 48
72 92
40 66
25 30
14 48
3 49
22 90
74 99
4 43
19 65
12 67
43 72
60 94
61 88
49 76
8 26
52 100
11 81
77 100
31 56
75 90
59 80
56 87
66 87
85 88
28 82
66 88
35 43
63 96
77 92
44 74
9 90
73 99
3 74
9 37
29 42
6 85
21 94
25 86
34 58
48 76
36 37
44 94
13 19
36 70
8 85
15 76
41 50
54 89
6 13
43 97
36 39
18 84
15 49
25 74
70 84
51 92
1 63
9 98
20 40
41 56
87 93
17 56
20 51
8 100
29 63
52 60
77 80
63 83
28 87
15 71
49 63
66 90
8 53
8 96
23 86
65 90
61 64
68 85
53 57
43 49
38 76
17 95
27 76
27 67
36 84
17 24
82 96
55 99
30 55
5 56
12 45
18 96
9 29
11 93
49 57
25 65
84 85
27 95
54 88
6 50
39 77
22 57
7 79
63 92
23 91
30 68
64 96
40 73
77 85
23 39
75 76
7 73
4 79
4 27
64 72
26 67
46 92
45 69
60 67
34 36
9 25
66 72
53 75
5 39
45 82
31 94
44 76
79 84
4 22
75 95
11 85
11 44
30 83
26 87
11 80
32 100
24 64
5 52
60 85
32 93
38 55
35 96
33 74
5 96
48 92
60 71
13 49
16 43
20 27
15 62
57 69
4 38
34 68
31 37
44 53
36 57
21 79
41 43
15 41
33 70
54 95
47 72
15 53
48 91
59 88
22 69
1 23
10 23
8 51
31 33
22 84
72 77
37 56
22 91
10 89
49 81
26 44
16 62
76 82
30 91
17 51
81 91
25 45
62 85
60 98
68 86
26 79
14 61
34 57
19 21
2 67
49 80
22 73
29 98
21 77
62 71
30 66
20 24
4 85
26 27
39 78
1 31
44 87
11 100
41 72
20 61
1 91
28 89
28 63
13 74
25 31
29 35
33 79
62 94
11 98
2 81
71 72
4 48
5 74
26 95
51 88
49 85
57 93
12 51
53 72
17 23
1 45
32 76
57 78
17 49
5 36
19 97
43 75
18 60
5 63
8 74
14 23
3 84
1 48
37 75
22 86
4 34
12 59
42 73
88 99
8 61
69 73
27 63
70 98
45 59
48 49
88 95
91 98
76 90
31 44
45 92
24 43
6 24
71 94
5 29
27 35
2 52
72 94
29 55
27 58
73 95
12 57
4 58
65 81
37 50
46 88
17 82
69 79
2 71
4 44
19 57
32 48
77 99
29 94
15 69
70 86
16 91
50 65
94 96
14 55
4 82
1 49
43 55
28 79
86 88
53 96
28 44
21 61
10 28
49 65
59 71
9 77
27 42
15 75
38 63
10 47
41 63
1 68
22 43
10 51
46 51
45 47
72 79
18 77
35 73
39 62
75 83
39 51
44 100
46 99
39 81
17 81
11 99
38 44
42 59
38 67
24 27
2 64
31 82
26 78
74 75
50 64
64 83
4 65
56 83
13 71
15 35
24 92
18 50
44 55
94 95
25 32
20 38
24 91
58 73
12 64
94 99
47 62
83 91
33 82
3 38
27 29
36 87
67 96
26 71
49 60
73 92
41 65
49 82
21 92
25 51
14 81
16 60
22 97
5 7
45 74
42 60
51 75
59 72
11 78
14 42
70 99
2 97
6 44
51 53
21 27
77 83
12 75
28 81
17 25
35 83
62 89
24 29
53 93
29 61
15 30
6 94
15 79
22 54
13 41
21 51
8 32
54 61
63 79
12 30
25 68
62 93
8 36
23 35
2 20
42 55
28 32
23 81
15 74
11 21
1 52
10 40
34 55
39 60
18 29
27 86
49 69
33 49
27 94
39 58
16 24
5 99
21 72
17 48
23 76
18 100
37 58
23 62
39 41
71 93
3 10
42 44
13 72
27 40
33 46
86 100
45 95
43 81
52 83
9 54
21 45
6 40
16 68
65 79
3 6
76 80
48 64
16 50
39 55
16 37
73 89
25 75
23 25
90 92
8 59
4 94
38 72
50 85
25 97
37 62
28 41
37 95
95 100
5 70
30 90
42 67
15 22
25 44
6 70
44 54
30 50
41 79
40 61
82 95
8 35
37 41
45 87
11 39
27 79
24 85
46 100
27 49
1 24
40 54
53 100
31 64
63 73
4 62
42 69
31 38
13 64
49 53
68 82
31 89
1 95
27 59
11 23
38 74
52 92
73 88
14 58
9 64
31 36
20 45
15 27
3 45
44 51
80 89
78 98
65 73
31 99
15 28
45 48
53 55
2 63
85 91
45 50
15 98
15 58
20 63
7 83
34 82
29 37
54 57
5 25
7 70
13 34
9 72
16 54
30 60
79 99
20 90
24 60
68 75
28 72
47 83
36 94
55 68
15 31
43 94
32 68
71 90
13 29
38 66
63 78
24 56
38 64
23 46
71 91
3 12
24 49
30 33
58 70
14 60
19 61
21 78
28 75
77 89
31 86
35 46
16 53
12 95
6 53
13 100
6 71
73 82
59 66
37 93
17 90
4 52
15 46
17 22
35 97
62 87
28 30
35 84
79 90
52 55
59 92
41 93
64 99
14 22
14 51
42 61
24 95
10 13
55 91
10 25
29 53
39 46
18 30
38 84
6 17
7 93
50 90
8 44
6 9
74 98
21 67
54 66
15 47
2 87
8 23
5 33
30 78
62 74
60 86
29 46
34 66
26 61
2 84
52 93
25 39
10 44
9 80
67 94
16 70
19 20
22 71
65 91
27 81
93 97
4 71
2 61
62 96
9 94
28 68
4 77
13 31
82 85
78 94
1 98
39 100
10 46
58 74
24 41
47 54
42 76
40 72
65 86
9 24
71 87
48 97
1 99
51 73
54 85
23 65
56 65
23 94
42 100
2 75
90 94
67 73
17 92
64 87
36 48
48 79
59 99
7 67
14 98
18 23
48 86
27 87
72 78
18 58
39 72
36 68
57 72
30 45
3 14
55 62
39 61
14 97
31 45
78 93
21 35
14 37
83 96
20 83
6 84
1 65
13 46
40 90
7 31
14 26
22 82
12 35
26 32
31 39
34 91
29 32
23 47
38 96
51 99
8 65
12 58
97 98
75 96
40 59
36 42
6 39
27 41
21 98
21 66
38 65
39 92
77 86
6 76
49 62
21 100
69 90
11 75
21 28
48 83
6 36
5 50
25 77
52 79
44 70
85 93
50 68
7 72
13 56
48 52
5 69
4 7
32 39
52 73
55 59
11 29
12 93
56 78
14 19
23 36
39 69
2 46
13 36
44 86
48 94
24 32
57 68
26 96
19 96
71 81
66 85
36 41
21 46
13 17
18 97
37 94
23 49
40 64
5 77
16 25
29 51
9 44
32 99
62 76
50 82
68 69
4 5
83 94
29 41
39 76
26 98
41 75
19 67
8 89
50 76
75 79
18 26
10 14
33 69
77 81
28 67
20 34
10 24
12 36
1 89
28 97
11 26
12 39
51 59
64 73
12 82
68 88
1 56
81 83
7 57
2 74
22 50
35 47
13 84
49 97
32 46
73 77
67 91
6 92
48 95
23 99
1 27
99 100
7 60
7 45
9 71
4 45
29 62
8 52
31 62
28 29
30 86
25 59
28 88
11 53
5 18
53 54
64 98
32 78
16 93
88 97
2 15
26 93
30 76
24 33
48 74
37 60
5 37
15 20
7 54
61 80
11 95
1 62
79 95
25 48
79 82
19 69
80 90
58 90
36 65
63 66
33 43
22 77
15 52
20 37
85 87
81 88
53 61
58 81
17 46
22 42
31 61
30 49
34 39
76 99
57 80
48 50
46 65
34 80
36 74
1 38
12 27
5 66
2 57
69 70
30 97
35 40
7 62
38 80
79 93
37 91
19 80
6 95
64 74
9 74
7 38
14 79
13 32
7 77
14 82
3 86
35 94
12 79
7 22
35 98
42 74
58 99
29 67
62 80
14 99
26 85
30 96
35 42
53 74
34 72
51 60
12 61
56 98
27 64
20 75
75 94
11 56
78 83
26 100
22 75
46 60
2 76
92 100
38 62
11 69
36 80
9 55
9 26
45 97
26 34
57 83
1 51
33 40
21 34
7 20
28 34
2 14
21 30
34 52
59 76
5 40
20 22
1 96
63 91
14 44
55 90
40 68
56 100
34 47
13 38
2 66
28 36
39 42
87 92
40 56
84 91
13 63
13 75
20 89
11 74
2 24
11 92
34 74
14 68
1 66
13 37
46 91
1 57
6 10
7 42
61 76
20 84
14 100
36 45
22 28
9 23
61 100
59 94
78 85
5 15
28 38
29 86
44 62
8 42
47 94
12 13
60 84
24 88
63 67
77 78
57 88
36 63
26 84
65 76
27 30
24 94
27 65
3 76
96 99
14 33
6 35
36 79
14 28
55 88
8 27
29 30
71 73
5 87
14 50
62 88
39 47
35 86
18 44
38 53
10 26
73 75
6 41
1 14
1 100
49 84
29 90
67 76
31 93
63 80
18 24
35 53
4 75
69 98
9 96
1 46
72 81
45 73
18 68
58 72
34 78
3 41
14 15
45 77
25 55
45 94
7 97
30 47
5 35
9 99
56 64
13 43
76 93
49 100
2 68
37 89
19 81
32 85
13 91
9 89
5 53
35 50
77 88
26 68
30 59
38 71
69 84
2 6
25 41
1 32
11 42
32 81
1 87
14 41
35 71
48 57
15 99
46 75
24 100
5 8
4 59
10 100
75 88
31 67
61 96
5 54
45 90
22 30
17 97
54 71
72 75
9 48
33 96
29 56
12 55
9 100
83 100
5 93
60 99
30 95
55 57
36 62
52 54
25 50
69 72
4 54
26 60
36 92
4 70
17 77
20 35
11 89
70 93
40 96
54 68
15 36
62 86
56 94
45 53
18 22
10 79
60 72
42 80
11 64
39 71
46 72
39 64
16 96
39 98
56 97
25 80
7 82
1 8
40 80
59 89
23 97
25 95
79 100
13 77
29 69
52 75
26 64
66 94
3 48
8 45
8 48
74 93
33 98
23 54
7 32
60 75
21 54
25 40
3 78
33 94
2 60
79 88
46 52
9 69
78 87
61 71
13 42
49 50
53 81
14 18
43 50
87 95
30 88
1 64
8 70
37 71
2 45
52 86
27 57
14 95
7 78
82 87
3 82
27 38
38 54
74 80
48 88
58 60
50 63
17 100
41 45
8 93
20 30
15 65
18 56
30 48
29 39
12 73
28 47
86 90
82 93
12 62
49 77
7 90
4 11
27 50
44 98
25 56
50 67
5 68
26 52
31 41
10 48
44 63
64 65
60 62
7 96
18 46
15 61
50 62
41 69
33 65
20 87
77 94
13 28
3 24
17 21
76 91
84 93
40 50
1 20
10 22
44 52
16 44
45 81
48 73
8 46
24 39
1 78
78 82
27 48
1 81
20 98
11 28
20 72
32 35
14 59
48 77
68 84
40 53
35 49
1 83
25 26
3 95
1 94
16 58
48 59
4 68
65 80
70 83
3 8
57 99
31 52
50 51
20 97
80 82
22 45
49 75
47 87
12 56
21 56
61 68
30 94
72 88
18 59
57 86
71 83
23 92
62 97
58 75
79 86
27 45
71 82
66 83
13 82
43 96
2 56
1 54
28 54
13 89
22 83
60 100
59 93
35 59
47 61
66 76
16 19
33 90
70 100
34 49
61 95
61 84
42 68
23 61
2 25
41 88
36 49
59 77
30 79
4 6
55 74
8 95
63 97
35 48
24 57
46 82
6 60
10 50
49 70
54 67
2 39
67 78
11 84
1 92
32 51
31 75
10 97
17 28
7 37
19 29
6 47
6 27
35 45
70 81
32 59
9 36
26 37
47 63
33 67
61 94
66 99
16 98
12 31
12 14
20 36
9 50
5 14
18 49
29 64
3 99
6 65
5 67
34 37
47 93
18 62
34 96
70 74
17 58
82 88
21 36
38 56
41 76
45 100
2 11
12 70
16 63
12 91
10 34
31 59
4 91
23 68
27 90
5 26
69 75
56 63
36 60
18 89
56 76
44 91
35 68
1 35
6 56
2 43
5 89
36 88
25 76
61 90
32 36
2 95
18 91
64 93
22 70
37 44
39 59
79 97
78 99
33 66
71 80
29 84
44 56
26 33
87 100
29 93
67 97
74 85
22 85
54 92
16 90
62 92
59 65
2 59
19 87
10 35
23 48
7 39
11 76
23 82
24 58
16 67
44 77
39 79
78 90
9 47
3 93
38 43
28 100
71 74
84 89
32 71
8 39
16 85
2 27
50 73
38 49
15 78
32 98
57 65
60 92
66 78
60 61
62 72
22 25
74 94
50 75
40 89
50 53
34 99
11 72
1 82
14 69
36 44
22 100
23 51
44 97
86 94
28 35
19 98
5 31
7 84
68 72
66 89
22 40
46 47
19 86
7 44
36 55
72 91
73 84
67 79
10 86
86 97
14 76
45 66
41 99
16 87
9 82
26 72
2 78
34 76
1 29
10 99
39 99
33 88
17 64
44 60
33 100
8 38
55 81
71 88
41 77
52 96
44 59
41 86
29 80
63 72
37 84
37 92
12 43
2 19
33 44
16 23
8 92
36 82
4 40
1 79
23 64
16 84
63 98
79 94
19 74
4 18
4 9
82 83
52 61
26 97
5 16
58 91
19 100
19 42
22 99
38 90
11 57
67 85
80 96
10 45
12 97
3 36
62 73
36 52
64 77
59 95
14 92
62 68
24 34
3 9
31 84
31 98
46 55
8 11
19 77
3 47
74 88
47 68
23 69
31 63
8 62
52 94
11 31
11 30
17 93
43 45
17 80
14 74
48 68
16 66
32 95
31 72
78 81
20 70
23 38
56 59
76 77
69 93
41 81
61 67
35 80
28 96
12 42
6 86
82 100
56 90
44 81
51 68
46 61
57 81
66 100
42 71
38 73
41 74
16 17
36 99
9 13
10 36
61 92
54 99
10 18
22 38
23 55
74 100
6 33
68 77
35 63
28 42
53 64
31 51
1 12
32 34
1 76
26 99
63 93
31 90
53 59
19 53
27 54
20 95
46 74
27 100
17 44
68 91
21 50
9 22
85 94
39 70
13 94
23 30
15 29
56 96
26 66
48 61
27 66
29 89
90 96
37 81
58 88
53 78
24 38
67 98
68 99
44 67
81 90
9 75
19 26
16 80
54 65
47 80
48 93
35 88
13 87
19 78
34 42
3 80
2 22
7 30
3 53
19 60
5 79
7 18
49 55
21 26
40 43
26 41
7 23
41 58
36 76
70 73
60 89
12 40
40 93
26 65
6 12
12 63
26 63
6 46
43 46
22 65
46 95
18 27
26 54
1 50
5 51
61 91
35 38
2 96
8 68
32 44
47 60
56 60
52 70
33 35
2 49
4 19
40 87
57 98
17 66
35 87
39 68
50 61
50 97
1 42
7 12
54 84
27 80
57 74
72 86
4 15
3 59
80 94
41 78
40 92
21 73
46 68
5 41
42 50
79 80
26 69
3 88
9 52
16 26
2 62
43 62
10 77
15 24
30 37
56 99
32 67
26 39
54 70
46 48
15 97
14 70
17 70
2 4
67 100
4 16
32 37
33 47
15 96
7 100
9 49
7 8
69 96
69 74
21 58
16 51
20 64
20 79
47 89
30 39
2 41
63 87
43 79
50 58
24 73
38 68
40 57
53 70
13 16
56 79
7 94
67 75
60 93
61 78
27 82
77 90
50 69
56 69
2 98
80 81
2 32
34 93
16 99
51 83
14 24
15 94
55 75
12 94
33 95
66 74
13 15
30 36
54 74
61 72
14 86
16 69
7 19
59 68
37 70
69 99
62 67
9 31
65 85
88 94
42 98
78 96
63 77
55 97
4 63
68 93
80 93
66 82
29 100
34 67
15 60
60 70
35 37
5 58
39 56
47 56
37 40
38 91
3 32
48 72
46 96
29 70
59 64
21 71
5 42
27 78
83 84
13 53
46 83
12 38
73 94
47 65
21 86
49 56
40 99
26 43
72 74
48 60
17 39
27 37
94 98
28 70
76 98
11 43
17 50
4 25
39 49
9 33
86 92
4 55
37 51
44 83
14 39
29 45
3 25
69 86
10 59
39 53
36 71
19 52
27 43
35 76
22 49
71 99
12 24
39 52
24 68
28 65
41 47
83 89
63 89
34 65
51 69
22 72
57 79
68 94
15 38
84 98
34 56
21 85
27 56
45 93
43 51
87 98
88 90
58 84
1 67
21 53
6 90
72 99
36 81
30 40
64 97
47 78
28 69
41 82
7 95
14 36
37 67
33 48
28 59
8 31
40 49
36 75
12 41
50 72
40 70
54 79
30 57
19 39
12 86
1 22
42 62
24 77
15 48
29 82
14 88
46 79
11 13
30 42
16 59
10 87
41 90
41 97
21 55
59 90
1 53
33 76
3 90
3 58
57 58
25 82
37 96
55 82
59 67
29 81
74 90
78 97
26 59
2 100
83 92
16 74
38 47
54 93
68 70
37 52
75 80
52 72
34 88
25 28
17 31
34 40
61 79
56 66
31 74
49 59
73 97
27 99
79 81
16 46
36 83
65 88
18 19
24 75
77 93
20 73
4 66
72 73
4 32
23 43
54 83
19 58
49 54
20 92
13 23
46 73
30 62
55 69
17 43
17 52
51 64
53 88
29 60
37 43
50 71
3 69
15 55
28 49
46 90
41 48
26 83
2 29
36 73
55 60
91 92
52 78
10 33
2 70
15 84
36 100
31 40
34 98
18 99
17 75
10 81
39 65
33 39
54 80
7 28
13 61
30 74
79 83
12 60
14 93
3 28
59 98
26 46
48 90
41 91
2 79
24 78
16 31
73 81
4 96
3 92
74 95
44 80
40 46
14 25
3 15
45 52
18 35
39 88
51 87
44 96
1 73
41 49
80 100
13 48
71 76
1 88
1 97
18 88
5 81
24 79
10 70
43 44
45 96
35 91
20 31
28 40
41 55
17 33
17 35
6 42
49 79
65 72
48 70
40 47
2 91
6 98
22 27
84 88
24 72
55 86
45 98
83 93
24 93
72 89
38 52
10 95
41 42
26 75
84 100
73 96
38 99
20 43
21 89
35 79
47 75
33 84
32 61
98 100
28 48
3 73
3 91
8 88
6 59
38 100
34 64
4 73
47 85
24 96
17 94
10 63
48 65
88 89
50 59
17 73
45 99
61 97
77 79
42 78
5 21
70 80
82 91
2 94
54 86
7 40
5 45
11 66
45 91
30 84
50 88
37 77
31 73
80 87
59 84
37 72
12 46
45 54
3 55
16 61
50 95
60 90
27 72
56 88
11 90
5 86
42 53
48 75
6 99
28 73
32 79
34 63
42 79
39 67
28 64
63 94
24 66
9 88
8 12
23 52
44 57
70 76
49 61
73 87
22 52
2 48
16 41
21 76
45 63
91 93
38 92
2 13
64 84
34 60
38 94
15 82
4 36
81 89
24 55
50 100
51 58
42 58
4 49
75 97
76 86
61 81
29 31
15 45
15 67
4 42
54 75
87 91
25 92
10 90
74 87
4 46
3 71
9 59
56 85
11 65
6 81
1 15
9 56
16 89
12 69
2 7
16 52
33 62
15 77
74 97
3 18
24 87
2 3
40 60
5 84
14 20
13 92
52 80
58 68
86 87
4 93
6 61
24 26
21 82
46 56
42 86
8 56
3 39
57 67
27 77
38 42
32 80
12 85
5 85
62 64
16 29
51 54
27 98
23 58
60 69
2 85
35 75
90 93
19 93
17 38
52 65
3 62
70 88
73 76
81 82
3 79
53 84
40 84
12 71
63 90
56 57
29 99
41 60
50 83
2 54
37 61
45 65
75 98
2 83
40 45
48 84
31 42
7 27
27 51
35 52
26 86
10 91
15 32
2 36
20 50
54 82
23 42
22 36
37 45
12 25
72 90
23 75
33 50
23 60
38 81
19 62
36 86
2 40
12 100
37 42
59 91
30 100
31 54
63 84
35 44
12 29
53 82
47 88
33 54
15 51
47 74
19 76
43 63
11 88
35 66
38 83
76 92
56 86
72 93
16 78
22 78
59 69
19 71
1 80
32 43
42 92
13 69
84 96
46 89
21 83
35 55
28 78
25 85
39 57
18 33
28 61
16 71
72 97
50 81
25 84
40 83
44 66
32 42
66 98
57 61
4 72
36 96
35 99
45 80
73 98
17 61
11 47
6 100
92 96
63 88
39 74
5 22
18 81
54 72
43 74
7 49
16 40
16 35
42 65
33 45
11 73
19 66
26 35
18 52
56 77
61 75
6 67
21 31
39 94
43 83
36 98
52 58
78 91
86 98
13 44
12 92
23 73
80 88
64 67
93 96
49 86
23 63
95 99
35 64
82 97
10 85
10 43
85 96
73 78
28 51
68 78
87 99
39 45
35 39
12 34
8 66
93 98
46 58
6 97
31 71
14 54
25 72
52 53
78 92
14 27
24 54
26 58
8 49
35 60
7 80
4 57
36 53
19 41
11 49
85 89
23 28
10 93
69 88
3 61
11 94
26 91
44 82
29 52
61 66
78 95
7 9
36 67
62 98
36 38
26 77
42 64
31 92
41 87
3 19
55 76
78 86
3 13
35 54
44 99
56 74
48 71
11 91
68 87
53 58
14 34
20 47
3 83
48 67
43 91
12 52
58 96
91 100
22 24
4 51
26 70
2 21
40 94
32 94
60 63
11 27
4 21
42 94
32 58
28 80
34 43
25 70
16 97
85 100
66 84
23 71
41 95
22 74
17 98
10 38
21 75
19 79
6 15
52 95
9 60
54 62
10 72
48 69
53 87
38 41
55 58
33 78
9 73
61 62
40 51
20 67
5 10
30 99
3 23
30 46
62 78
1 4
3 29
8 71
34 69
37 100
58 76
13 55
47 55
6 22
7 74
29 40
34 61
84 90
23 50
64 90
42 72
8 73
9 85
3 44
24 40
58 64
7 92
26 80
32 50
5 80
34 90
7 55
27 28
67 99
20 59
75 89
10 73
20 42
45 79
1 21
8 47
9 97
68 79
32 38
49 90
1 41
68 76
50 55
11 32
6 73
95 97
56 70
76 88
6 49
33 63
65 98
28 57
4 24
6 78
77 97
40 98
49 95
45 72
53 90
79 87
53 86
71 79
23 26
24 74
55 94
22 41
31 78
9 53
83 86
66 80
17 86
86 89
93 95
4 60
21 41
13 99
41 51
82 92
46 70
11 38
18 65
40 41
44 73
52 56
72 82
92 97
41 66
50 98
54 76
49 73
43 93
26 29
55 77
31 69
32 41
16 33
74 89
25 62
46 64
26 56
19 44
13 57
55 87
90 91
77 95
37 55
51 89
17 74
55 92
19 63
6 72
62 99
44 71
23 72
36 93
70 87
6 79
66 79
32 66
37 97
8 58
15 63
88 100
14 96
3 77
75 81
68 98
69 78
6 57
20 54
13 81
55 66
39 73
23 78
12 81
51 70
40 71
7 46
15 43
1 10
80 83
45 57
45 78
10 19
22 66
45 67
13 66
29 59
22 96
26 48
84 95
14 91
6 80
26 89
71 100
10 84
40 85
29 79
20 26
41 59
43 95
48 62
46 57
75 87
64 95
60 82
32 83
1 47
30 75
3 94
51 52
14 16
51 100
55 56
13 14
24 83
41 94
32 33
22 92
65 95
27 55
67 95
70 75
15 81
30 67
79 91
57 63
58 95
36 58
36 43
73 86
37 49
10 39
24 52
19 37
19 27
13 62
44 61
74 83
25 98
6 20
30 32
50 91
45 61
17 26
5 32
22 68
14 67
40 67
41 73
28 53
31 85
64 91
50 92
30 44
65 67
3 40
13 79
15 42
26 51
22 48
34 83
16 75
32 88
36 51
5 24
33 64
8 69
4 39
30 92
35 36
17 84
6 21
9 66
14 78
81 94
72 85
10 15
33 73
48 89
87 94
86 95
8 76
52 97
17 89
42 43
69 91
1 90
58 87
51 82
7 85
60 77
57 85
71 92
57 70
76 97
46 66
28 93
7 81
25 34
37 74
59 83
96 100
41 44
63 81
59 87
11 16
10 92
24 35
65 99
11 54
70 97
42 81
16 72
75 78
32 56
18 98
59 82
22 76
18 41
44 49
28 43
3 98
19 91
54 90
5 61
71 75
67 74
78 89
44 48
25 89
8 80
38 50
67 71
51 85
20 93
60 83
33 51
28 86
55 67
44 46
7 21
10 29
8 97
39 86
28 50
30 31
20 82
26 90
18 21
38 75
33 36
23 87
58 97
38 51
17 57
13 60
34 50
21 43
10 49
36 69
26 45
5 59
18 39
33 57
35 57
66 73
15 86
39 84
13 47
32 60
19 25
50 77
47 67
31 50
24 36
37 46
4 41
43 48
2 88
7 75
48 78
61 74
33 41
11 52
18 47
7 69
28 91
13 67
84 87
21 95
52 76
64 69
19 33
11 18
17 47
37 80
34 97
8 43
6 7
7 41
18 57
23 66
14 30
30 81
7 16
77 91
4 30
38 46
53 85
64 80
65 66
42 57
10 32
56 75
2 16
72 95
4 87
61 70
10 58
8 86
45 76
13 83
70 85
43 58
58 86
30 61
59 97
4 50
18 95
23 37
11 15
25 27
68 73
52 89
1 13
44 50
24 46
26 42
3 63
38 79
17 34
64 88
30 54
38 82
35 72
35 41
47 91
9 20
3 68
22 55
44 79
4 80
18 70
19 28
8 57
12 68
48 99
18 32
14 38
78 100
28 60
70 90
89 96
3 27
35 77
74 92
38 86
28 39
65 93
9 68
13 25
19 30
4 95
17 65
40 65
72 96
7 71
15 100
72 80
6 31
45 60
25 94
41 96
52 74
34 100
59 100
25 99
5 57
20 65
13 22
24 97
24 44
59 74
47 98
26 40
86 91
19 45
58 67
10 57
63 85
19 43
51 86
6 8
18 90
76 87
19 95
14 53
7 63
39 54
25 43
13 59
72 100
79 98
55 73
34 86
7 43
73 91
75 93
41 70
78 80
49 71
64 71
71 97
16 36
20 21
18 45
35 70
67 86
79 92
22 89
47 95
38 39
89 91
25 33
44 65
32 74
55 72
18 86
31 80
11 34
19 85
34 53
25 64
11 58
17 79
38 88
69 71
6 52
42 63
31 34
56 80
13 24
35 61
9 86
5 23
39 93
65 82
10 41
20 74
27 32
5 95
9 39
75 86
66 86
43 60
24 51
62 84
27 92
29 47
8 41
66 70
30 38
24 45
27 70
17 72
16 82
21 38
27 44
47 53
2 72
14 89
13 78
6 62
45 83
48 81
40 81
90 98
40 69
24 28
10 60
18 31
54 60
55 70
11 35
61 87
76 94
64 70
11 51
1 39
49 52
4 14
74 81
47 71
9 15
19 82
19 35
50 74
69 97
21 69
6 28
6 19
22 59
70 78
85 90
24 37
48 51
46 78
25 37
76 89
23 90
43 77
10 94
17 54
12 66
37 82
1 61
27 47
23 85
17 68
85 98
33 60
45 84
11 87
21 64
5 9
17 62
14 46
39 66
12 19
70 95
82 98
37 86
15 91
5 47
26 94
19 70
3 37
38 89
82 89
19 23
39 87
24 59
3 60
14 71
8 25
4 23
33 85
36 77
12 74
82 99
7 91
6 34
35 81
53 63
24 70
65 71
17 85
81 93
54 78
12 15
60 79
3 85
1 9
55 98
43 61
69 92
15 26
43 56
11 68
64 81
14 43
31 48
18 34
50 87
55 64
74 76
24 86
29 85
89 99
5 34
35 89
56 72
13 90
12 54
3 5
60 74
61 99
15 87
15 68
15 33
65 96
30 53
51 67
26 36
30 98
1 3
11 20
7 29
44 75
65 69
36 95
16 64
27 93
5 48
37 54
42 70
44 93
53 99
35 95
44 72
47 49
33 81
48 58
42 90
18 28
17 19
18 66
23 45
80 99
42 99
19 90
90 99
73 90
31 35
61 82
6 93
43 80
85 99
88 92
34 51
80 95
9 34
71 84
20 77
75 82
39 75
50 89
58 65
3 56
14 21
7 14
32 54
37 66
20 94
42 66
25 79
19 38
4 8
10 88
34 89
66 67
32 97
15 37
32 65
23 57
14 66
50 93
4 100
27 31
33 34
46 59
43 89
24 30
59 61
23 96
40 62
1 77
22 31
2 65
43 54
74 96
61 77
47 70
7 86
3 64
3 46
3 66
55 63
81 98
25 57
24 76
13 70
10 66
19 49
40 44
9 76
49 91
51 76
22 29
2 80
54 97
3 81
5 13
63 76
16 94
8 67
18 51
22 63
22 23
2 99
18 20
14 57
20 69
74 84
10 37
31 97
75 91
37 53
20 33
83 99
11 67
18 42
20 44
1 11
69 87
53 92
53 94
51 74
48 66
9 92
26 53
43 57
55 95
56 82
10 17
42 93
41 52
67 72
1 18
14 32
6 54
24 84
70 91
33 91
2 5
6 96
21 47
71 86
36 59
10 80
33 55
19 36
74 82
33 53
13 39
7 26
19 68
42 75
33 89
29 87
28 71
9 78
24 82
35 65
1 5
32 77
51 95
15 83
53 71
59 81
33 58
43 88
58 77
25 47
21 68
11 17
52 66
46 86
45 68
10 54
25 73
53 98
64 75
5 92
58 61
68 83
51 56
65 74
21 40
21 81
1 60
12 76
19 73
23 89
6 58
52 91
27 46
61 85
43 98
4 20
89 93
26 31
24 67
21 90
54 56
5 71
40 100
30 87
43 73
63 68
41 85
18 82
18 67
8 91
37 78
25 54
22 37
3 34
47 79
94 97
20 91
18 61
46 63
15 72
83 97
72 87
2 26
48 80
54 63
40 55
14 73
34 62
29 97
19 54
39 50
47 96
70 94
31 55
43 85
48 63
31 66
66 81
33 99
20 29
21 39
12 88
1 75
10 20
6 87
22 33
35 93
32 55
80 91
67 80
38 93
94 100
9 11
51 77
53 77
77 84
32 69
46 93
58 69
25 61
26 62
68 95
21 62
28 37
16 92
2 73
52 84
1 59
37 90
5 91
18 75
27 69
20 86
78 84
57 62
13 98
32 96
35 74
29 49
47 82
15 57
37 88
14 72
86 93
64 89
20 71
22 95
25 71
24 53
19 88
85 92
21 29
6 11
76 85
62 81
62 66
26 47
58 62
41 84
21 22
30 34
58 85
13 51
18 74
3 21
34 94
18 71
34 59
20 60
49 99
36 85
43 47
1 71
25 58
8 87
18 38
67 89
52 64
13 33
8 28
43 78
90 97
75 99
56 73
18 83
37 79
15 95
18 64
15 19
24 71
63 69
40 91
60 65
10 52
10 74
16 38
68 96
38 98
73 100
31 53
81 96
85 86
28 95
34 46
19 32
55 83
69 89
18 43
33 68
43 66
51 63
79 89
13 35
4 33
47 73
19 51
47 58
29 33
21 99
40 79
12 20
55 61
47 48
23 100
9 16
4 69
52 90
11 71
30 58
45 64
5 49
5 78
23 56
16 83
22 39
84 86
36 90
33 71
56 58
33 80
17 69
24 42
64 86
1 93
14 40
22 60
80 86
25 52
23 84
33 59
60 81
56 67
81 85
37 63
46 97
49 88
47 90
3 51
28 66
39 97
62 77
42 51
56 91
35 85
61 93
9 91
4 29
38 57
20 100
31 91
11 59
5 100
6 66
7 10
33 75
60 87
25 67
57 64
62 70
2 30
3 50
91 94
3 72
6 74
44 58
68 90
81 97
6 18
2 77
1 7
39 40
20 53
69 100
57 89
2 34
55 93
25 78
41 61
10 11
35 92
28 33
41 83
54 100
17 60
15 16
71 85
25 60
14 45
14 17
24 69
33 93
76 84
11 45
43 69
27 62
19 24
58 82
2 8
21 96
5 72
56 84
27 91
6 88
11 19
57 82
30 73
48 82
36 91
6 29
33 61
19 89
27 71
45 88
58 94
19 56
45 85
16 100
75 100
9 43
1 72
14 49
3 42
43 70
28 55
54 96
30 65
8 40
28 52
47 57
76 83
54 59
24 81
46 84
26 81
71 89
2 35
8 10
4 47
71 77
47 51
31 46
31 83
30 41
16 55
61 86
37 85
58 98
67 69
10 78
33 52
18 92
13 30
10 71
32 90
53 95
9 67
20 55
1 86
42 91
36 97
9 41
21 32
19 46
49 66
68 80
89 92
11 97
2 18
69 83
25 38
83 87
39 63
95 96
21 88
38 70
48 53
91 97
39 95
25 96
7 59
13 18
66 71
9 21
55 65
23 34
65 77
19 75
52 81
25 49
16 56
26 49
4 28
13 58
52 77
70 92
69 81
44 68
22 51
31 81
74 77
20 32
58 93
49 89
36 61
1 36
68 92
3 52
7 50
58 83
47 76
55 71
25 83
65 89
23 53
28 46
36 78
17 41
31 88
25 88
24 62
7 89
57 87
49 98
24 98
70 89
17 29
33 56
84 99
63 64
81 86
9 12
43 76
7 53
34 54
47 92
8 99
7 65
19 94
32 40
11 83
53 65
32 87
40 74
35 51
67 87
32 49
61 89
14 83
24 47
22 67
6 38
63 86
15 64
34 38
37 87
32 52
8 81
11 25
17 78
21 57
59 70
7 98
16 47
47 84
62 65
20 76
47 100
48 96
7 35
32 82
37 38
29 65
54 87
36 72
17 40
5 88
5 76
53 91
4 86
92 99
20 85
25 93
31 49
11 12
50 54
43 67
54 58
35 69
48 55
82 86
10 67
45 51
46 81
5 11
22 46
6 82
18 55
66 68
89 95
4 74
7 11
65 68
60 68
24 99
18 87
60 88
19 34
63 71
81 99
10 76
29 38
25 35
40 63
31 68
38 78
29 44
7 66
61 69
35 90
96 98
82 94
50 66
42 96
4 78
44 78
77 96
53 56
13 54
9 84
1 33
29 83
49 93
33 97
42 88
59 63
21 84
47 64
81 100
28 77
3 100
5 38
4 67
58 59
12 48
45 46
52 67
19 92
10 56
29 78
8 29
52 71
59 86
87 89
32 57
83 95
27 74
2 31
91 96
12 16
17 32
1 25
7 56
54 94
21 42
98 99
63 70
2 10
35 62
58 92
44 85
13 73
13 95
23 41
50 56
22 64
10 16
46 85
69 80
10 65
32 72
47 97
4 90
49 94
21 49
23 95
20 49
46 69
41 80
69 95
8 75
20 66
47 50
44 92
9 45
30 82
4 31
76 96
49 78
30 52
3 43
21 93
28 58
70 96
16 39
81 95
26 30
46 54
16 30
31 95
46 62
15 18
28 62
23 88
20 58
4 17
80 98
41 89
10 62
81 84
80 85
8 84
2 9
8 63
35 58
73 93
68 71
12 44
22 98
2 93
89 100
89 94
32 89
46 53
5 94
15 25
77 98
4 10
50 80
11 24
62 95
30 56
34 95
49 92
50 86
51 98
37 73
18 69
44 84
30 51
18 40
56 92
2 37
17 55
15 40
50 52
6 45
7 15
35 67
5 65
14 56
23 59
78 88
44 64
27 39
13 45
82 90
64 82
2 23
22 26
12 84
51 84
50 96
65 75
9 95
20 23
8 60
53 76
59 78
38 48
51 57
42 54
88 98
77 87
25 81
10 21
66 97
13 65
13 86
41 67
4 35
22 79
44 69
30 64
4 98
16 86
49 64
51 55
13 80
15 23
83 90
11 33
10 42
54 98
24 31
17 45
34 71
86 96
6 16
4 12
17 96
33 72
70 77
5 43
8 77
12 89
3 57
65 70
53 67
15 70
10 30
60 80
23 83
2 47
6 48
51 80
5 30
51 65
36 46
28 84
51 96
53 89
40 76
29 54
71 98
8 16
62 75
26 57
75 77
1 28
52 57
15 90
28 92
44 95
51 66
37 99
24 90
47 99
15 93
56 81
9 38
1 55
76 100
54 69
75 84
36 47
57 97
70 72
26 55
11 63
23 93
51 81
31 65
27 97
24 80
11 79
18 78
63 99
71 78
9 17
17 88
52 63
55 79
60 76
52 87
14 47
56 95
1 58
12 98
57 92
13 27
14 31
63 75
22 47
81 92
32 45
47 66
7 48
87 90
40 58
11 22
9 46
5 20
9 61
74 86
32 64
18 37
24 89
22 94
49 83
27 53
18 93
49 74
23 29
13 96
31 57
93 94
8 9
50 60
70 71
57 76
29 34
22 88
30 89
25 42
33 83
34 35
85 97
21 25
9 40
51 93
7 24
30 72
23 70
2 90
11 36
27 89
50 99
37 64
12 17
40 77
10 75
28 45
19 59
61 63
18 36
5 44
9 57
11 14
73 83
7 99
61 83
14 85
19 22
39 83
17 36
20 39
64 79
27 88
12 83
31 96
57 91
45 58
21 80
23 24
89 97
55 78
20 62
44 90
63 82
7 13
30 43
17 99
6 68
23 27
47 69
5 27
6 37
69 82
4 83
37 59
21 87
20 46
8 82
44 88
14 63
67 77
33 38
15 44
37 69
12 22
65 97
67 88
15 88
45 89
27 75
86 99
6 91
12 87
5 98
21 33
7 68
22 32
3 4
12 80
2 12
3 7
51 79
8 30
42 48
7 87
8 19
45 70
21 74
64 76
38 95
1 6
38 61
46 71
15 80
13 85
1 69
16 81
27 36
16 76
42 56
16 34
29 77
47 86
32 62
2 86
55 85
16 27
19 47
29 73
65 87
1 26
45 62
60 78
12 47
4 84
40 88
9 83
23 40
11 41
58 79
10 12
41 57
65 100
57 84
32 92
16 88
15 66
73 74
62 79
34 85
15 89
53 79
42 45
67 83
19 83
67 90
45 49
59 75
12 99
64 68
12 65
37 65
14 87
21 97
15 85
23 79
58 100
45 86
63 100
8 72
53 97
54 55
10 82
34 44
18 72
79 85
3 16
35 82
37 48
41 98
77 82
8 55
14 80
22 80
27 61
30 85
58 80
5 17
70 82
15 54
92 95
12 50
11 48
19 55
23 31
58 78
14 35
39 91
52 69
84 94
18 94
50 84
67 84
37 68
5 90
29 58
33 92
1 70
31 58
59 73
7 36
29 50
59 96
11 50
14 94
11 82
22 61
27 96
4 53
33 42
15 56
8 13
49 96
12 90
45 75
40 52
48 54
6 55
29 96
3 26
40 82
1 30
11 77
64 66
57 60
18 25
37 83
13 20
29 76
16 73
3 54
14 29
39 44
51 72
34 48
73 85
57 66
66 77
17 18
40 97
30 63
32 70
67 93
16 65
11 96
15 17
11 86
16 79
66 92
51 61
16 48
71 96
12 77
9 28
44 45
21 70
65 78
5 6
8 18
13 21
15 21
17 71
4 64
6 32
55 100
11 61
6 25
84 92
56 68
22 87
37 47
41 100
41 62
8 24
43 82
43 64
3 22
43 100
38 87
19 99
88 96
28 85
49 68
15 59
10 64
3 96
88 91
14 65
10 61
52 88
5 60
3 87
5 64
34 45
3 11
53 60
29 91
6 43
24 48
17 67
29 66
9 70
35 56
46 94
60 64
14 84
24 63
30 77
26 74
4 89
39 43
67 92
76 78
80 92
68 81
20 57
57 59
51 62
52 85
52 62
43 68
14 75
29 48
39 96
1 19
5 75
6 69
27 85
36 64
28 74
75 85
24 50
39 82
96 97
69 85
11 55
97 99
3 75
46 80
61 73
11 70
11 62
24 25
2 44
12 49
8 98
4 56
45 71
51 97
17 30
49 72
51 78
3 89
62 91
74 79
72 84
87 88
25 91
48 87
13 76
6 77
52 68
8 20
55 89
65 84
21 24
27 73
89 98
46 50
61 65
2 82
81 87
8 15
4 26
72 76
53 83
58 89
39 90
67 81
27 33
29 71
20 99
8 90
