23 240 23
613 -108 -102 264 871 -296 -239 -688 -521 -341 -990 334 -359 234 -503 -36 -162 -299 -404 602 -84 -315 -462
8 19
13 18
3 9
4 18
2 20
11 20
11 12
7 10
5 7
3 15
4 15
2 14
15 21
8 15
10 18
8 10
1 13
9 15
12 17
7 19
9 10
7 8
6 9
1 5
8 22
14 17
15 16
14 19
6 18
2 23
13 14
11 18
10 11
6 23
6 19
6 11
16 19
3 8
3 12
7 12
20 22
1 11
11 17
9 13
4 21
8 21
19 20
6 14
7 13
5 18
1 4
5 13
6 12
6 17
3 17
3 14
11 22
3 20
10 17
10 20
3 5
5 23
12 18
4 17
3 13
2 5
13 15
7 15
8 14
13 16
4 19
14 20
1 2
19 21
2 8
2 13
18 20
4 20
22 23
14 15
2 15
12 14
9 11
4 10
1 15
18 22
13 17
20 23
2 7
9 21
6 15
7 18
1 10
9 17
10 19
16 21
17 20
3 6
15 19
8 18
10 16
1 17
11 13
11 19
4 14
17 23
5 16
2 6
1 20
9 22
7 16
1 23
5 15
4 11
5 12
1 8
3 11
13 21
2 9
2 12
10 21
13 22
16 20
18 21
9 18
21 23
8 11
6 7
10 23
17 21
14 23
8 17
16 22
6 10
4 16
5 21
5 9
10 12
7 21
1 14
2 21
5 17
13 23
6 20
2 22
5 14
5 22
3 23
3 22
14 22
9 23
9 12
21 22
17 18
3 18
18 19
1 3
5 8
16 17
12 13
2 4
4 7
15 20
10 22
17 19
11 15
7 17
3 10
3 7
1 9
11 21
8 23
9 14
2 3
10 15
12 16
6 22
11 23
7 9
7 22
1 18
13 19
19 23
9 19
12 22
1 12
6 13
5 19
2 17
2 18
7 14
4 5
7 23
8 20
17 22
2 19
20 21
8 12
8 9
16 23
9 20
5 6
9 16
3 4
4 23
4 12
19 22
10 13
2 11
1 16
7 20
5 10
4 22
15 22
15 18
15 17
11 14
1 19
18 23
12 23
6 8
1 22
4 6
13 20
1 21
12 20
2 10
15 23
12 15
5 20
1 7
5 11
2 16
14 21
8 16
8 13
14 16
16 18
14 18
3 21
