200 9948 134
1 2 3 4 5 6 7 8 9 10 11 12 13 14 15 16 17 18 19 20 21 22 23 24 25 26 27 28 29 30 31 32 33 34 35 36 37 38 39 40 41 42 43 44 45 46 47 48 49 50 51 52 53 54 55 56 57 58 59 60 61 62 63 64 65 66 67 68 69 70 71 72 73 74 75 76 77 78 79 80 81 82 83 84 85 86 87 88 89 90 91 92 93 94 95 96 97 98 99 100 101 102 103 104 105 106 107 108 109 110 111 112 113 114 115 116 117 118 119 120 121 122 123 124 125 126 127 128 129 130 131 132 133 134 770 624 553 576 915 666 716 689 906 713 970 850 694 913 516 739 895 631 554 610 572 953 767 888 600 661 851 840 594 621 931 569 723 562 520 774 998 747 852 865 993 923 527 529 974 586 541 975 637 815 835 876 745 737 797 565 604 755 877 814 854 519 514 953 525 505
79 166
19 122
48 116
35 125
55 179
119 134
27 84
150 163
46 76
132 133
100 129
61 71
48 90
29 151
111 139
99 107
53 121
41 146
76 188
165 170
7 108
36 46
77 135
189 194
63 108
42 184
97 193
128 143
80 169
16 62
28 67
149 168
106 182
153 181
23 46
2 50
45 176
48 107
29 46
48 103
88 156
48 133
93 133
46 160
168 200
7 63
92 169
34 55
128 151
39 88
145 188
82 180
29 108
66 79
71 129
7 44
123 197
4 109
127 189
13 56
28 167
19 192
3 137
36 175
169 191
58 97
54 185
78 124
6 81
17 80
156 197
28 156
74 108
47 68
93 122
129 135
84 104
43 179
43 101
21 142
76 137
150 156
59 60
21 70
89 118
164 175
72 90
27 96
23 36
67 127
114 124
123 172
1 149
61 114
28 53
61 111
32 65
30 155
19 67
23 189
26 61
54 172
68 86
172 190
126 184
7 37
21 176
114 160
29 149
34 178
73 106
135 169
184 189
2 122
71 127
47 183
62 198
195 199
67 78
8 44
25 116
11 199
137 195
75 113
66 187
59 152
124 181
66 144
25 138
74 115
22 152
27 36
145 152
87 134
66 77
96 160
14 191
60 110
51 175
7 110
40 132
96 170
127 128
129 197
16 57
17 174
148 170
4 64
33 153
145 170
156 161
125 163
85 182
70 102
59 140
181 192
38 192
58 59
122 161
82 127
62 97
15 76
50 186
134 188
143 189
41 185
6 32
86 90
33 197
74 188
137 175
3 182
112 177
38 96
99 126
44 133
90 192
120 164
4 136
162 200
61 131
26 60
44 77
27 78
115 143
10 115
98 116
146 186
69 77
91 173
30 91
46 172
37 147
92 131
59 111
16 183
32 115
70 174
133 153
111 198
109 143
94 123
65 92
100 188
123 148
46 176
65 135
144 191
77 172
83 142
188 194
51 128
131 171
32 190
125 167
47 167
56 62
61 173
97 98
123 191
104 161
135 150
97 194
19 71
8 147
52 62
1 68
16 187
146 189
151 152
58 152
157 165
6 157
54 161
82 86
25 55
23 161
36 197
118 128
66 111
126 136
25 26
24 71
39 127
29 169
104 118
32 128
154 190
33 123
59 95
59 87
57 133
176 191
93 159
138 190
64 70
61 100
24 46
37 62
75 156
9 10
114 143
45 147
36 100
128 177
11 148
67 150
5 197
135 165
85 149
11 173
37 79
59 162
19 81
24 30
109 118
5 115
6 76
25 146
63 84
141 183
172 181
43 135
182 193
56 60
12 85
9 170
14 24
122 182
61 199
87 173
86 176
11 48
75 192
12 192
122 138
108 113
22 166
34 189
64 186
144 197
53 59
49 112
35 159
27 114
143 158
67 134
109 174
19 115
64 138
86 199
126 128
1 192
54 183
38 160
131 198
44 191
125 177
41 51
26 79
40 108
108 130
30 199
70 99
145 155
28 141
23 58
33 136
121 127
72 200
4 58
26 152
12 52
105 152
78 110
101 118
60 104
115 179
14 132
115 178
95 146
45 129
72 99
53 150
58 78
54 118
50 51
3 68
23 99
6 27
80 191
83 124
135 197
103 115
108 185
138 181
116 117
12 135
143 199
167 200
71 160
13 106
137 179
51 68
51 150
30 107
85 178
8 43
58 119
75 141
27 108
101 111
115 162
153 195
40 135
112 143
82 133
57 154
21 97
60 123
68 126
161 196
28 175
72 107
134 138
164 193
60 170
10 22
177 192
115 137
10 183
22 195
131 148
38 51
70 199
147 150
148 184
14 71
88 144
121 177
21 61
79 124
152 160
71 109
36 73
105 162
106 174
110 180
144 165
67 117
91 105
10 97
42 71
69 108
44 61
29 104
130 198
38 156
29 98
56 85
78 83
44 51
176 179
87 121
13 199
23 195
10 113
88 188
80 129
89 116
18 88
57 58
54 89
7 174
31 94
55 117
31 79
91 199
79 159
79 161
128 183
193 198
11 180
32 130
185 194
73 141
13 128
28 34
102 168
16 151
2 90
19 86
21 66
22 61
143 169
148 157
69 184
84 108
88 93
139 159
35 164
116 147
117 118
29 43
136 197
17 31
57 153
49 139
161 167
116 130
166 194
42 76
41 44
52 83
39 158
3 179
127 145
43 64
31 62
14 135
62 107
30 165
114 166
57 98
17 112
17 135
126 145
44 76
65 160
25 72
77 89
81 157
15 23
25 177
20 103
51 58
93 191
52 197
55 140
104 196
66 136
132 147
42 79
154 173
19 84
108 142
68 197
95 136
35 134
120 121
33 192
4 33
38 100
72 198
42 87
174 185
108 119
14 73
24 131
86 186
8 96
2 175
6 143
42 47
25 181
28 174
148 181
163 190
64 104
10 28
79 180
62 188
40 54
91 188
41 168
25 80
30 96
136 150
124 189
19 35
70 131
97 130
106 110
96 141
32 52
129 155
38 46
144 194
110 164
25 34
156 173
41 94
31 112
124 190
158 171
29 96
132 186
28 162
27 51
32 46
30 123
4 121
128 176
12 90
23 48
43 126
76 144
15 54
3 37
133 151
31 136
66 168
81 140
34 84
25 86
54 169
71 200
30 110
11 50
144 182
51 85
122 183
52 96
64 95
127 176
98 188
167 196
95 107
31 173
11 133
11 64
124 156
18 47
155 186
34 143
55 200
57 143
29 66
1 35
130 144
109 184
95 183
74 184
66 68
9 60
23 116
88 110
80 157
34 93
7 133
90 105
1 146
127 180
113 182
112 195
110 183
27 115
76 163
185 189
46 114
54 162
25 32
10 45
24 73
119 169
12 107
9 85
13 16
16 163
43 63
88 115
32 102
83 85
71 146
91 196
120 152
64 110
9 46
137 156
10 52
24 74
86 87
101 120
91 125
93 153
64 150
62 123
64 172
144 155
9 149
27 169
1 176
84 102
175 191
108 150
164 184
47 195
28 145
102 113
18 184
26 57
11 157
145 195
59 98
70 180
78 199
85 87
135 170
69 138
29 129
28 114
71 180
53 164
38 115
53 179
69 186
39 175
146 191
147 154
3 148
180 200
25 43
110 133
122 162
55 181
55 89
30 144
12 92
31 43
179 194
49 196
80 155
3 52
36 90
16 174
75 151
10 112
7 75
111 123
74 142
26 140
79 152
152 155
65 187
110 159
106 116
65 198
59 159
40 127
173 185
121 156
47 101
47 97
32 108
3 61
106 198
46 88
143 194
92 130
62 98
10 68
10 88
30 62
17 155
57 158
161 172
59 110
38 85
29 112
163 197
129 192
48 89
49 98
108 149
13 98
112 180
20 34
84 91
69 133
38 103
33 168
79 121
106 177
22 161
29 126
80 150
86 175
25 28
2 181
27 186
11 164
141 171
70 184
147 187
142 196
72 122
121 172
78 153
48 197
44 143
20 183
41 192
22 84
121 143
20 160
67 125
119 197
66 151
117 142
100 159
18 148
105 153
69 149
75 147
53 173
154 198
8 80
51 101
44 163
76 195
66 194
80 140
113 118
128 190
179 200
28 48
32 85
166 174
144 164
31 134
85 109
164 181
5 187
17 164
121 165
125 141
56 101
32 163
114 130
73 78
71 169
133 167
15 95
12 38
27 153
181 185
37 121
81 193
62 186
78 121
76 151
72 87
170 192
46 57
167 171
119 189
24 78
55 115
7 54
41 125
14 177
58 142
14 137
54 136
47 188
48 199
13 104
44 174
2 31
28 44
104 136
63 185
49 128
68 129
49 101
157 170
61 153
33 57
162 195
64 116
5 137
99 109
1 99
58 61
68 116
24 114
61 188
16 186
47 103
103 160
16 112
21 150
19 105
9 131
98 192
102 107
28 146
59 156
50 196
89 161
78 89
38 128
62 96
191 195
107 153
39 142
2 99
127 196
71 86
62 177
31 60
20 70
81 159
22 50
40 148
108 136
36 169
12 153
9 98
73 191
95 161
70 168
19 87
11 126
37 55
44 104
97 119
115 183
100 121
11 119
38 169
2 20
50 102
2 136
19 109
133 148
33 193
33 53
18 28
67 68
116 137
42 182
13 32
67 72
111 164
29 194
125 162
20 184
94 190
102 188
40 143
108 157
33 124
24 133
111 180
153 172
54 173
7 94
3 29
4 73
86 112
122 126
90 99
55 155
23 114
19 104
30 133
33 134
49 182
38 94
34 130
88 131
53 119
48 162
37 102
13 68
4 123
31 127
11 110
100 104
143 154
13 36
25 151
110 145
81 151
85 185
140 147
56 129
99 144
25 31
111 145
20 38
74 106
32 195
129 146
9 185
23 131
33 172
113 176
62 106
70 155
63 79
62 195
142 145
51 92
16 93
25 133
14 130
125 153
58 158
23 104
119 156
165 182
78 116
127 158
57 67
41 54
113 186
47 149
28 75
95 200
85 164
5 43
17 71
100 190
117 138
108 145
95 158
72 194
58 64
120 200
90 183
80 179
104 152
31 169
34 142
12 22
91 161
20 199
118 196
146 172
27 119
156 166
146 187
34 182
95 144
28 64
33 174
47 89
144 179
53 117
76 96
117 158
104 111
77 170
133 186
72 157
74 133
48 194
50 149
95 173
85 197
2 199
95 178
117 168
17 78
99 165
86 103
17 124
34 79
97 115
61 66
3 157
20 131
49 120
145 148
109 149
82 192
120 198
92 156
34 112
122 190
94 147
116 152
96 109
3 27
134 200
37 99
44 194
26 145
3 60
31 101
89 189
11 118
54 115
116 155
111 141
96 156
19 186
31 35
38 82
7 199
20 151
22 47
64 96
4 122
32 126
44 82
2 36
42 101
70 95
39 95
136 142
6 10
174 191
5 36
29 182
8 160
45 71
33 61
75 127
33 176
19 78
46 100
93 120
131 170
40 176
22 68
137 200
47 61
8 135
7 79
56 69
27 197
81 139
120 125
140 178
66 142
92 188
155 174
49 57
20 166
90 199
53 136
33 132
30 80
49 127
131 197
182 189
144 170
107 151
110 161
46 116
24 178
18 73
89 111
37 59
7 171
118 168
150 175
10 105
87 200
183 187
51 183
55 78
65 138
86 130
16 199
30 171
55 187
10 168
12 166
159 185
62 126
92 147
168 185
149 162
29 140
70 90
28 152
79 136
2 134
133 194
88 149
114 177
122 164
73 192
37 157
23 147
18 166
44 136
82 134
92 138
65 142
25 53
77 110
4 191
92 179
22 142
148 155
11 16
109 122
31 132
76 120
129 143
109 115
2 104
82 136
32 117
104 171
34 180
35 51
11 183
120 161
173 178
133 184
140 169
90 92
48 130
120 199
38 194
51 167
154 164
64 196
117 152
87 148
9 182
37 173
105 180
63 184
95 135
168 182
99 120
12 174
101 183
88 124
38 120
48 136
154 183
126 130
102 184
9 22
89 94
48 117
77 120
39 190
126 154
154 196
84 88
52 177
54 178
136 154
51 62
28 36
4 18
19 79
58 60
115 127
3 33
70 177
157 178
119 179
44 90
45 100
36 188
53 139
34 102
77 185
139 147
77 173
31 140
40 199
100 102
94 143
5 107
147 171
89 141
76 87
30 179
172 187
98 163
44 108
33 36
129 137
97 180
101 170
70 108
1 46
1 154
20 97
84 110
84 137
86 147
126 173
178 198
113 164
13 192
8 149
32 187
80 185
19 149
13 121
49 103
60 169
50 110
24 138
66 176
117 170
87 178
127 156
149 179
131 172
65 129
43 195
76 164
18 27
144 172
105 155
58 114
33 106
145 176
19 93
38 49
40 141
22 35
163 184
175 189
57 136
92 119
145 156
119 161
81 167
90 196
1 26
29 107
57 95
3 103
96 135
29 132
3 144
25 189
133 177
12 177
54 66
17 154
35 180
48 60
19 179
139 167
83 110
10 66
42 86
98 191
167 175
151 193
113 169
108 191
134 159
71 162
130 149
5 119
5 18
87 137
133 137
120 142
55 93
91 114
94 172
94 149
150 170
31 87
58 170
186 197
152 190
77 175
109 194
32 105
97 186
4 112
27 135
177 196
22 126
96 184
105 189
38 111
2 149
53 151
144 153
42 167
98 199
75 157
58 178
21 200
54 158
14 182
14 186
109 160
73 170
94 131
83 131
45 67
79 147
113 189
13 77
131 134
25 52
5 193
27 200
185 195
117 192
102 185
24 148
84 148
6 83
122 187
14 123
37 113
50 52
110 134
33 199
39 91
32 169
16 137
50 166
75 149
104 163
32 170
186 193
91 159
13 125
9 36
89 125
46 154
179 189
21 88
27 54
78 100
118 182
64 109
15 43
55 125
3 21
27 44
77 92
39 170
176 188
40 105
90 194
41 47
102 125
35 90
70 71
2 150
85 98
87 172
150 162
32 159
33 133
4 76
13 112
6 31
116 150
52 71
21 58
1 3
36 109
91 101
133 159
42 106
128 198
99 151
52 85
47 82
27 73
116 175
7 197
3 97
4 170
71 163
47 161
29 59
102 116
88 150
127 136
11 168
39 83
17 193
149 156
7 14
64 168
109 152
117 184
3 32
94 162
25 90
27 52
51 147
97 118
179 195
35 193
80 164
60 136
6 88
5 179
48 156
93 146
43 119
10 170
14 169
75 179
157 166
102 146
130 190
14 31
39 63
54 145
21 155
28 60
153 194
150 200
7 169
181 189
94 173
1 39
186 199
69 156
32 62
63 134
121 132
147 174
74 124
107 125
55 90
8 199
36 145
33 121
6 73
122 191
79 177
147 186
33 151
89 107
54 94
37 84
132 165
59 148
46 79
78 86
117 175
44 169
19 55
184 199
73 178
38 129
11 40
5 163
40 194
60 135
36 95
48 104
145 173
46 146
9 34
70 161
38 92
127 172
32 143
64 112
54 64
80 161
71 135
48 65
93 155
33 163
93 125
164 190
81 119
47 94
5 113
171 182
30 69
120 165
137 180
62 194
131 138
38 198
15 192
86 121
55 122
32 113
14 39
179 186
82 123
122 153
109 134
39 74
102 119
10 159
64 94
139 161
88 184
29 32
5 157
47 128
150 153
77 141
27 43
20 80
20 55
108 161
1 153
22 114
14 26
172 178
86 157
5 129
75 181
129 187
30 98
65 90
9 128
78 177
116 184
114 121
74 160
57 171
41 42
49 172
79 98
56 74
58 128
129 144
2 145
143 173
61 80
128 164
14 25
51 160
23 181
16 24
1 179
47 146
62 116
132 155
87 110
62 132
147 183
173 183
35 37
105 133
77 161
69 83
7 140
40 158
35 38
117 173
135 179
44 59
13 17
114 118
196 197
118 130
132 177
9 42
81 118
74 129
85 112
118 190
23 173
118 194
101 109
26 32
152 154
51 134
37 166
96 112
25 179
59 66
94 138
99 143
16 76
72 75
14 141
64 81
189 200
21 79
1 168
105 116
58 162
24 94
46 142
85 131
56 181
116 133
38 200
112 156
53 97
140 141
113 188
121 195
41 120
43 70
21 103
111 115
163 167
22 36
53 96
59 181
87 179
131 132
35 58
92 166
132 167
10 137
148 196
131 152
3 145
74 197
18 127
23 174
3 30
67 188
29 87
135 184
103 130
83 170
143 152
141 161
108 131
88 127
12 36
120 140
20 23
36 151
98 155
64 165
21 114
28 73
10 25
5 94
27 41
37 92
162 172
161 199
91 181
29 155
9 142
106 113
34 193
46 89
127 190
84 178
92 191
64 145
45 105
21 99
124 170
79 165
70 89
6 178
24 88
8 84
25 57
66 104
20 136
67 88
153 180
26 119
9 145
129 157
86 138
98 120
81 115
174 190
23 128
60 164
79 145
41 182
47 121
117 148
23 160
7 36
45 161
22 145
87 139
88 152
81 112
115 174
104 179
115 138
95 182
60 121
17 88
7 101
54 74
130 184
11 167
31 146
15 35
17 119
72 133
15 191
35 60
151 169
12 78
128 133
37 122
7 166
62 114
110 120
100 133
143 177
66 121
16 173
70 189
16 142
19 123
13 29
33 100
32 175
188 190
46 161
34 181
25 139
50 86
29 71
67 119
76 197
1 158
26 71
29 154
68 187
114 153
123 189
66 175
158 193
122 188
154 185
47 83
27 67
30 145
29 191
103 138
10 189
23 107
140 188
43 129
76 175
115 191
27 34
51 153
23 98
49 106
72 162
117 125
43 62
11 17
74 172
20 75
12 27
25 114
34 80
69 200
146 182
95 112
7 145
67 136
95 100
112 129
20 114
118 184
135 158
100 118
58 106
32 154
39 121
23 180
11 169
41 112
122 146
83 118
59 143
5 171
88 183
46 60
153 168
19 101
54 153
96 124
34 74
19 89
169 179
22 56
50 113
113 173
153 178
155 196
46 91
38 191
27 77
34 68
25 107
165 187
23 77
36 72
22 44
154 188
79 186
113 135
99 152
148 171
15 34
4 147
37 114
34 51
79 148
92 93
56 132
48 173
50 121
64 100
78 115
87 169
114 163
4 125
77 138
95 116
89 164
141 190
26 35
51 113
34 82
17 166
102 171
105 172
25 196
105 200
23 133
66 118
31 75
89 139
57 191
4 144
4 166
51 194
12 83
73 81
15 102
75 164
105 154
16 192
33 194
25 154
78 142
116 153
29 82
150 191
7 10
101 143
165 200
57 160
22 188
29 91
64 148
125 137
159 161
180 190
133 199
46 153
109 163
13 72
65 74
83 112
92 168
33 43
6 136
31 166
59 113
42 161
132 164
90 155
100 199
16 47
98 197
140 182
4 183
190 194
15 73
59 64
44 107
67 109
50 146
17 103
7 19
114 171
86 132
77 93
118 187
9 181
14 198
69 139
5 47
32 124
5 160
45 54
138 143
102 191
91 170
135 163
69 84
73 76
42 162
12 44
179 180
61 132
42 176
42 91
92 102
38 84
68 163
59 70
27 123
122 148
112 167
67 163
55 199
4 41
32 189
114 162
54 180
34 108
89 106
55 128
111 168
52 92
65 94
72 164
44 181
75 112
29 94
107 174
2 174
8 191
123 175
42 100
33 156
86 193
35 187
26 160
27 195
61 186
20 188
58 153
93 187
111 112
98 133
98 194
9 23
130 172
19 37
22 26
130 153
78 131
78 175
151 176
8 176
70 107
71 77
79 176
34 116
43 141
102 156
16 101
70 96
147 164
44 118
80 93
22 165
79 81
98 131
130 178
101 154
124 185
73 194
18 37
39 60
6 70
112 147
1 160
26 144
40 153
14 62
72 80
81 162
122 133
50 198
104 194
67 91
152 168
176 180
20 44
10 125
36 135
37 111
83 150
45 156
26 134
141 181
84 134
119 176
65 168
3 104
43 140
18 105
159 164
43 53
21 152
106 152
114 190
55 126
13 184
63 149
118 199
62 71
21 59
121 123
39 47
20 71
9 12
6 155
74 155
50 195
89 101
69 125
32 53
128 174
69 161
155 193
33 108
52 97
22 132
7 167
23 90
57 141
145 163
86 165
93 171
1 189
61 151
132 190
36 56
81 113
69 137
160 176
79 93
186 187
49 173
35 101
38 70
175 180
51 106
9 155
23 170
5 124
10 198
51 60
22 169
82 148
29 137
25 182
87 199
64 179
49 171
107 128
32 69
96 118
19 114
49 60
153 184
61 187
29 38
22 46
59 103
25 48
9 40
78 160
68 92
75 98
15 92
161 166
84 95
17 199
125 138
9 148
145 175
150 160
69 169
61 85
32 180
11 20
111 113
39 155
70 176
89 131
9 103
93 94
58 121
56 194
25 144
10 117
88 111
82 176
83 166
81 94
47 134
57 170
29 120
118 149
94 102
67 168
34 101
146 184
92 132
113 149
42 54
97 108
69 140
10 187
7 8
152 161
23 94
32 91
51 195
12 120
12 64
95 132
119 146
18 70
44 199
36 98
3 19
18 80
63 164
101 147
51 138
83 187
131 183
73 123
32 179
43 47
4 198
91 131
100 152
146 175
125 148
28 91
22 139
88 143
94 113
24 60
91 184
169 196
57 65
43 48
62 109
3 133
55 165
23 153
21 179
120 129
158 169
172 195
21 100
40 147
86 95
77 142
66 159
87 128
18 129
64 65
166 189
53 73
41 155
29 76
91 129
27 183
40 60
9 196
109 126
67 139
91 138
83 190
114 173
6 47
17 125
135 171
156 158
31 117
47 170
172 189
54 163
31 188
150 174
50 187
65 69
3 96
61 87
83 111
147 182
125 165
47 172
117 150
126 161
105 138
27 113
91 197
139 183
21 72
61 182
50 176
27 133
162 181
54 77
110 151
29 161
6 170
155 190
89 171
39 59
25 165
96 194
87 131
168 194
108 127
38 89
101 160
44 80
187 189
15 164
27 172
14 66
8 166
18 33
25 195
30 174
33 171
6 180
93 176
146 158
96 104
39 147
37 91
44 68
99 130
22 91
90 108
39 114
163 182
30 35
13 158
102 135
57 163
3 5
58 108
62 149
54 106
29 81
112 166
131 149
36 97
82 91
96 172
57 66
2 87
113 156
67 185
147 155
40 173
138 158
135 181
13 102
28 147
82 161
8 9
4 54
11 151
17 75
44 57
150 198
4 165
134 139
98 160
155 163
40 61
183 185
49 165
90 161
26 128
5 138
40 70
16 77
183 198
97 152
77 90
86 102
25 127
89 150
74 135
23 166
101 149
125 128
52 170
138 200
71 121
24 160
17 99
96 169
61 155
82 150
100 144
72 103
9 168
18 79
2 169
21 93
80 197
185 186
12 161
24 142
138 176
89 188
130 137
67 122
19 90
34 127
72 82
15 39
53 54
77 145
72 96
12 51
27 196
28 144
26 200
44 120
15 117
6 90
99 121
151 154
51 53
8 148
5 189
77 150
117 157
31 50
44 96
83 140
5 11
74 102
116 200
67 167
23 86
14 36
98 150
73 101
43 52
41 142
107 121
149 169
91 191
40 177
105 107
67 108
9 141
79 181
81 138
110 116
68 148
2 183
44 185
114 189
26 46
17 76
59 106
106 134
119 198
26 153
94 168
72 189
68 121
3 8
99 106
1 17
55 94
2 16
12 122
20 187
23 199
75 134
154 193
90 148
121 166
18 156
51 179
40 122
124 141
57 132
41 78
6 67
154 187
49 53
61 118
30 178
103 142
88 181
48 140
113 168
21 85
59 116
170 176
146 176
76 112
174 180
159 175
20 167
11 99
9 62
61 117
127 187
91 128
94 144
148 160
104 121
160 172
45 199
46 175
28 200
92 181
33 149
39 134
50 55
49 134
56 178
81 96
44 172
27 160
74 191
17 67
84 140
20 132
54 148
89 145
21 29
136 181
88 177
38 44
40 156
112 165
50 93
16 36
59 108
100 125
143 155
34 126
13 136
28 38
40 119
32 81
58 90
156 162
61 62
31 153
74 161
109 151
38 176
45 86
57 182
60 131
17 57
4 70
8 31
44 117
11 15
106 138
151 161
30 84
89 190
39 101
45 185
165 177
102 166
31 33
121 153
52 175
42 131
166 186
32 193
4 24
39 54
35 76
136 158
81 128
26 127
28 159
17 187
10 192
5 12
77 118
61 73
76 123
89 163
12 48
75 77
69 91
33 37
99 153
190 195
134 135
117 171
18 154
85 170
71 101
65 149
99 118
35 129
133 146
38 135
138 150
2 160
125 133
85 115
24 106
11 171
53 172
15 143
167 170
49 122
34 70
45 134
90 145
11 55
147 166
71 148
62 178
116 145
109 186
9 68
40 41
33 137
38 74
56 145
166 187
42 175
165 191
98 181
17 189
127 192
13 183
123 139
1 7
155 168
92 115
32 42
110 172
27 59
30 95
37 134
45 136
12 96
31 32
84 142
118 143
16 118
46 90
26 90
65 103
63 111
131 182
95 120
28 172
81 125
32 153
58 66
15 24
71 111
106 192
92 140
10 118
37 197
86 122
31 183
9 183
88 147
139 199
83 88
100 143
104 188
109 112
93 185
98 104
18 196
79 199
8 15
65 105
60 108
6 13
37 52
73 177
74 182
117 187
65 95
133 193
37 83
111 166
45 144
149 193
6 51
22 34
48 52
69 107
26 166
22 85
81 90
19 184
25 95
14 99
54 176
65 127
45 137
165 193
105 143
123 158
46 191
3 43
2 88
1 23
19 148
51 190
53 149
27 62
1 2
113 124
83 149
37 47
40 63
105 191
82 118
118 169
27 118
107 136
79 91
24 44
10 158
56 126
20 74
64 74
134 196
2 191
44 115
176 192
31 53
36 38
132 184
14 165
157 173
60 63
25 183
145 197
133 173
133 176
118 146
18 98
139 186
150 188
137 142
3 10
39 76
48 73
65 180
51 197
121 124
23 88
62 99
4 44
161 173
92 150
93 142
6 49
93 197
100 183
37 137
7 180
130 131
112 200
168 181
35 188
1 28
196 199
8 18
15 82
60 191
7 135
115 195
77 87
59 165
74 107
37 38
12 197
113 150
8 73
47 56
15 16
143 147
105 144
138 157
127 195
124 129
79 153
7 112
134 193
52 114
95 98
145 157
15 78
76 97
145 162
123 178
3 169
57 70
84 177
23 34
58 98
104 165
126 142
44 69
2 148
54 96
3 175
37 168
15 157
1 92
60 109
1 62
29 147
142 193
40 78
77 152
155 157
28 143
25 76
162 183
12 184
31 174
63 106
127 130
71 141
164 194
176 181
61 72
69 100
44 153
7 27
99 191
22 39
55 116
184 196
133 155
37 199
130 154
60 62
50 173
76 196
151 171
14 144
91 102
92 171
77 153
3 198
3 158
19 111
190 199
44 197
128 179
1 42
86 93
95 154
79 82
102 109
94 179
116 136
68 78
131 155
62 120
20 51
45 89
110 119
20 21
122 123
5 162
45 188
79 197
103 171
45 82
10 87
35 179
15 18
156 193
45 177
41 96
54 138
59 92
46 137
106 120
2 119
127 200
47 66
104 200
100 174
89 114
52 131
97 160
117 135
127 162
48 170
75 198
52 149
85 117
11 98
77 116
23 26
53 132
8 89
20 158
4 108
31 96
70 132
8 19
113 158
82 90
19 188
25 100
66 150
27 158
47 157
153 193
55 144
75 130
120 180
162 194
125 150
8 29
66 191
20 81
154 200
150 185
121 174
50 190
75 143
72 173
16 175
86 197
13 87
91 92
95 148
173 196
28 33
63 161
59 160
91 132
58 85
24 86
1 100
37 95
81 200
36 180
23 194
3 120
36 178
26 118
118 162
138 167
1 98
7 121
22 178
106 139
65 88
91 189
33 82
49 167
94 155
13 81
156 179
10 178
16 32
4 62
41 55
56 187
40 120
72 74
24 128
95 168
114 175
122 175
2 108
44 98
65 75
182 185
9 108
100 184
184 188
51 112
97 159
68 108
96 168
96 167
102 126
6 161
4 138
53 101
58 161
52 141
11 153
39 139
45 125
36 193
6 194
19 140
39 145
65 119
38 189
55 162
52 189
17 167
135 190
7 156
66 132
24 152
88 185
60 120
17 128
58 129
88 195
48 76
68 110
23 55
168 183
9 88
10 193
135 191
36 112
27 58
18 145
96 122
61 82
2 80
49 79
46 85
83 119
1 199
49 81
117 189
69 142
60 75
155 161
40 200
10 34
5 127
167 169
74 91
11 76
162 177
57 71
70 192
24 197
54 137
96 114
25 44
48 67
12 105
33 114
103 117
133 140
68 140
102 173
91 117
7 107
81 175
142 156
24 55
49 100
138 148
126 139
72 155
107 180
129 169
37 198
34 40
47 79
27 92
35 183
91 169
176 178
25 109
2 69
60 69
81 102
137 192
32 82
104 181
18 162
85 86
5 134
17 94
150 187
27 194
88 137
125 168
171 176
21 74
53 71
45 50
133 178
129 159
6 198
14 89
147 196
7 176
88 128
182 183
67 172
53 170
12 181
23 42
95 184
90 173
14 45
116 129
37 85
69 74
71 142
58 75
36 200
82 138
57 173
61 193
121 128
55 81
9 53
94 137
81 99
139 188
140 191
45 56
45 80
58 103
72 114
129 189
74 104
62 111
53 66
69 189
93 148
135 141
13 85
103 137
105 119
33 112
50 120
60 98
176 194
94 116
22 157
49 154
27 198
94 140
86 151
112 124
104 128
111 130
4 67
37 156
1 152
118 175
46 183
94 130
164 192
63 125
170 190
40 146
91 136
32 139
112 189
82 110
3 63
40 125
15 83
35 62
114 144
13 31
161 165
27 156
35 59
68 155
21 52
57 96
9 30
12 200
151 188
120 134
120 136
136 182
158 182
131 156
74 98
54 101
33 196
58 65
140 148
23 40
7 160
23 140
29 176
23 124
107 163
22 186
177 190
37 108
52 110
27 120
45 109
29 48
77 132
192 199
22 200
54 99
67 193
92 176
40 126
82 103
194 197
14 82
65 130
4 95
76 124
120 141
50 111
18 130
129 190
59 82
64 135
3 111
68 147
19 95
64 106
49 176
85 151
2 12
9 55
5 146
5 49
41 195
123 194
17 96
126 189
88 161
100 122
122 172
16 179
95 199
13 52
14 108
75 168
46 62
40 142
17 95
1 59
70 191
25 178
44 113
43 143
107 149
42 152
93 182
27 170
22 94
119 140
13 18
9 161
56 91
53 196
14 138
28 56
148 195
34 71
18 151
115 184
47 168
76 165
54 83
44 70
28 61
104 145
104 112
9 130
45 150
101 112
33 183
42 82
44 116
96 178
12 132
26 96
92 110
34 56
33 92
5 128
19 40
46 140
21 78
118 123
110 141
72 104
39 122
105 188
91 183
14 189
28 50
41 173
10 127
52 57
15 199
28 119
121 155
132 156
145 200
19 189
147 156
151 175
103 141
95 149
131 136
139 172
40 101
85 186
53 193
115 120
26 84
123 169
91 127
11 42
94 199
38 90
74 101
78 122
161 197
5 45
39 51
9 153
170 183
152 164
22 30
186 196
96 100
34 86
55 56
6 78
96 161
26 62
98 140
40 195
112 152
73 190
34 156
49 56
61 75
64 131
46 83
69 123
24 156
41 69
36 92
104 174
43 59
99 172
164 187
73 149
16 17
47 58
23 100
75 186
15 113
44 102
11 53
9 199
70 104
16 103
65 197
101 164
22 191
29 93
55 71
75 144
37 46
81 88
51 93
50 67
1 200
79 111
16 79
33 91
1 74
120 189
87 187
96 105
51 56
29 118
85 163
126 144
19 42
150 172
49 102
33 74
48 75
132 146
16 102
115 147
73 159
38 178
104 169
145 167
182 196
112 132
29 166
161 164
95 97
29 44
7 9
54 58
4 45
63 179
53 93
22 104
14 118
26 91
35 84
67 174
15 49
165 196
106 148
8 56
34 164
57 185
99 195
115 187
4 181
100 157
2 171
104 120
143 149
10 123
6 98
12 17
49 164
124 177
141 159
30 60
14 28
118 155
45 153
127 182
68 186
39 141
26 73
141 199
31 118
60 183
45 63
94 119
65 162
47 178
96 189
21 67
162 196
1 33
45 159
21 101
72 190
28 77
59 137
50 184
6 152
59 121
64 181
1 198
5 64
7 184
109 181
64 190
105 139
111 200
28 112
48 53
63 189
27 101
19 103
52 178
120 188
73 200
75 176
48 155
2 84
118 193
16 61
41 103
61 163
76 140
28 132
129 141
35 146
21 187
20 194
65 117
3 13
80 82
49 87
100 117
5 95
17 179
69 106
148 178
46 105
38 108
112 113
36 50
19 112
74 158
166 176
142 195
97 143
15 172
67 73
166 167
70 120
29 95
38 99
33 47
80 126
70 183
6 106
43 84
50 117
15 20
82 200
111 178
6 45
38 73
12 19
42 57
9 91
43 176
2 47
168 196
33 85
133 185
129 163
80 130
100 189
109 147
39 48
14 19
6 65
68 105
81 103
22 167
133 182
41 175
30 36
79 89
6 14
168 187
31 137
4 102
31 187
18 102
143 192
25 121
34 169
67 162
162 170
21 183
19 70
105 178
5 61
179 197
109 145
34 153
17 100
88 116
23 93
125 142
51 171
52 78
43 121
33 84
8 48
118 142
77 171
81 89
110 169
73 176
12 14
67 200
166 178
9 21
74 114
57 85
124 134
111 151
167 179
141 158
32 162
134 136
70 164
48 171
1 161
4 82
61 79
57 139
37 132
62 197
77 129
1 48
65 183
19 131
55 91
95 198
87 192
150 161
42 193
155 164
132 150
123 153
80 190
66 179
108 123
40 188
104 148
144 198
191 199
185 200
1 95
117 124
21 35
37 171
9 169
130 186
138 139
23 196
75 197
43 72
83 138
40 112
50 182
52 190
11 69
102 195
60 157
84 115
34 85
74 89
160 169
37 77
50 155
39 132
136 143
86 180
104 177
64 193
95 96
70 140
88 151
40 75
3 177
57 106
81 173
10 16
56 180
46 47
36 102
65 136
65 99
42 130
71 118
61 95
109 119
151 155
31 151
115 116
76 148
17 54
7 183
49 76
30 170
165 171
162 169
138 164
21 64
99 175
129 156
40 46
95 137
102 104
112 116
25 118
1 58
20 169
63 68
5 74
16 41
124 148
60 177
96 128
62 151
78 163
55 192
60 148
30 83
3 86
17 137
91 94
17 98
129 170
17 70
22 129
73 129
63 200
69 126
174 187
57 105
2 64
31 40
125 176
51 97
92 96
22 23
100 165
163 176
138 199
55 62
105 115
81 124
1 196
102 162
128 162
81 153
71 93
11 43
86 97
49 151
142 189
53 86
1 73
101 110
104 157
8 113
28 170
93 165
33 101
74 100
113 125
3 147
11 190
39 72
92 118
107 130
127 131
72 77
84 126
123 149
73 128
128 181
71 82
15 60
25 145
155 184
12 13
52 98
21 199
90 142
92 137
85 187
167 193
81 109
158 190
55 149
57 108
84 118
93 117
99 198
56 65
36 124
79 187
34 136
172 192
22 93
50 59
49 155
15 77
57 161
62 121
135 160
52 118
169 197
70 197
109 148
105 164
134 179
21 73
58 70
74 189
141 192
57 125
17 18
117 126
76 191
50 57
134 167
32 137
32 129
23 59
147 184
23 95
103 154
1 61
19 151
57 147
125 197
155 183
14 51
90 188
84 195
82 191
178 184
84 132
42 58
54 160
110 140
44 187
12 167
17 40
160 171
34 145
46 94
51 90
85 133
4 86
47 84
50 105
87 118
114 126
41 72
2 38
9 137
101 152
49 84
110 187
63 72
39 52
173 182
82 109
26 161
107 158
68 200
16 87
96 159
160 170
138 186
14 77
75 92
4 49
10 82
50 161
61 102
89 153
83 95
52 187
102 131
26 49
11 186
128 196
4 27
105 131
42 159
108 193
96 126
137 138
66 122
72 123
87 164
128 187
85 152
9 158
65 194
1 76
62 160
68 82
12 40
1 122
23 25
89 115
7 59
4 81
69 96
96 176
53 67
178 186
15 114
78 108
43 116
52 88
54 139
49 200
29 178
117 133
140 170
107 183
14 113
9 93
7 34
169 199
65 97
13 200
5 40
80 87
56 73
141 182
127 177
4 155
41 100
74 118
136 157
172 182
34 185
18 169
18 172
18 170
59 102
28 65
107 109
141 156
16 139
75 133
35 172
149 165
29 45
103 147
42 187
42 140
97 136
121 161
156 171
28 181
90 97
72 188
114 188
49 149
48 98
126 148
118 159
157 194
93 121
73 100
81 147
128 161
79 188
151 177
38 119
40 113
1 38
28 173
84 136
3 55
162 164
1 6
32 95
10 148
73 132
71 185
58 192
4 37
14 53
94 160
45 145
35 195
147 200
62 73
68 112
44 165
115 155
104 123
11 182
26 199
147 172
20 177
75 154
4 60
153 154
87 161
37 68
2 17
13 84
147 185
112 127
111 122
110 194
48 196
8 143
53 106
76 80
54 170
8 37
12 123
78 180
48 175
60 122
157 187
33 34
130 197
35 127
174 196
7 105
103 152
149 158
1 96
2 3
45 114
70 119
137 187
95 101
36 78
189 198
91 180
91 167
47 158
6 61
83 169
74 126
41 200
42 78
23 39
65 152
1 86
106 115
136 185
4 132
80 109
44 179
181 200
78 193
73 164
4 19
19 28
164 195
127 165
104 146
16 50
21 189
170 171
19 25
38 161
3 132
117 174
105 106
130 179
41 77
162 182
72 92
18 34
90 190
93 167
39 181
63 178
5 25
79 92
57 72
144 168
58 189
132 199
55 186
75 175
152 199
24 31
27 180
80 162
78 130
96 183
9 16
75 148
108 179
154 199
12 198
125 191
32 33
59 135
75 115
2 35
22 29
72 113
2 97
144 188
55 97
60 117
51 57
60 84
25 161
101 102
191 193
76 129
32 98
156 192
46 70
78 178
18 57
95 121
9 132
48 61
56 66
79 156
69 124
36 116
44 119
97 138
39 86
22 124
116 171
66 71
9 29
125 172
39 66
46 98
68 100
57 117
26 77
113 117
38 155
5 15
14 196
18 180
136 199
33 126
92 196
81 100
124 125
113 192
89 108
61 108
43 196
20 58
67 137
76 182
71 102
106 190
43 51
34 117
108 109
107 197
87 145
134 145
47 138
6 181
143 190
39 105
13 197
145 186
27 104
36 83
29 114
36 195
44 158
43 113
11 156
45 167
45 73
100 156
89 90
97 109
125 183
26 94
58 150
52 183
128 167
66 148
151 167
44 160
54 111
162 197
161 190
18 144
175 198
44 92
140 144
10 107
55 133
100 108
18 147
13 69
72 94
98 179
96 196
98 149
81 190
3 17
6 80
83 99
28 124
114 145
29 181
66 143
2 153
95 188
62 156
119 129
133 134
3 160
82 102
5 167
16 185
145 158
71 174
67 169
140 155
161 174
108 199
86 92
94 154
57 83
83 130
18 188
6 134
18 136
63 116
10 196
173 175
19 66
108 117
6 92
55 173
13 164
73 102
150 165
100 141
44 144
34 167
13 147
95 192
83 135
1 27
16 110
40 169
8 47
94 156
51 168
61 159
20 137
90 172
157 159
43 60
45 128
53 182
1 181
51 109
57 179
24 96
13 82
32 58
32 47
165 189
74 82
119 174
142 170
39 131
71 91
29 34
84 187
80 149
12 165
18 111
10 19
18 117
8 133
24 61
15 179
54 55
144 196
57 135
80 90
73 120
87 115
19 169
48 74
53 55
62 100
173 179
62 138
39 62
7 152
71 170
122 159
163 187
16 159
37 58
67 153
105 110
8 145
82 105
94 185
118 121
37 100
144 148
68 183
111 153
30 175
44 121
63 152
74 169
180 189
78 143
55 66
21 49
182 199
78 84
103 162
24 107
43 164
3 98
106 196
89 137
43 178
24 188
129 138
107 123
185 198
19 96
134 149
89 198
188 199
41 73
80 94
10 164
133 162
17 144
51 149
6 185
67 83
67 179
38 97
62 175
170 181
57 193
13 123
27 28
53 103
52 161
36 91
10 41
52 169
32 178
136 155
77 196
55 60
42 117
68 195
37 105
31 141
41 71
4 111
100 103
111 182
129 183
89 155
7 163
56 131
96 140
27 94
54 84
74 198
25 33
69 150
130 196
27 124
3 23
96 162
32 36
100 186
22 65
20 141
38 147
66 67
61 107
36 48
165 197
66 87
22 130
90 157
19 147
109 198
10 145
46 128
65 67
23 137
37 117
141 153
63 167
137 197
17 153
112 194
122 177
5 69
24 53
18 107
76 95
117 198
140 143
86 114
125 161
133 190
23 92
70 160
151 179
12 71
122 178
121 150
31 95
58 165
14 49
12 196
49 104
50 63
31 142
171 178
76 92
82 135
96 154
137 174
123 126
21 109
80 91
49 107
56 94
12 139
31 186
34 119
65 125
45 108
76 93
25 194
52 58
173 188
37 61
140 175
91 112
27 105
103 176
26 109
21 175
150 181
36 194
101 168
135 166
52 182
64 140
109 185
28 137
19 46
120 194
5 58
4 85
161 191
3 116
9 84
11 93
54 75
22 45
127 163
30 193
103 139
8 74
128 186
110 113
4 52
18 135
71 73
86 192
22 98
76 172
84 159
32 197
42 200
79 192
7 194
83 178
9 100
107 156
82 153
117 143
19 43
166 180
120 169
68 128
28 95
107 175
120 175
93 130
34 197
38 163
26 50
17 140
81 110
88 130
70 109
77 163
68 166
58 195
44 74
49 110
31 83
133 154
91 151
27 155
31 165
17 68
94 176
69 134
9 157
84 160
63 159
40 144
13 114
6 37
24 168
52 157
40 192
130 171
115 146
38 168
52 128
64 125
109 180
8 158
63 113
77 157
84 147
3 22
77 136
143 197
147 152
32 161
34 131
129 145
30 92
77 111
93 177
41 132
20 152
32 196
13 58
61 142
10 58
59 189
135 136
98 173
46 73
134 191
12 54
129 130
103 116
19 27
38 110
145 196
56 182
62 191
155 178
3 48
32 182
80 160
23 68
2 143
69 181
17 27
49 192
61 81
95 186
37 142
31 97
115 122
17 41
92 143
14 92
12 186
32 70
129 132
16 162
135 142
77 178
34 120
143 186
28 165
49 62
62 88
2 111
107 199
6 52
7 91
128 175
168 176
46 95
60 180
50 54
95 143
41 90
69 98
13 195
139 165
109 188
146 178
38 165
22 100
68 181
21 137
76 160
88 165
83 145
18 168
193 197
116 188
18 55
113 194
141 169
40 98
78 137
26 163
54 105
72 118
65 151
101 181
54 117
178 188
64 174
69 93
7 165
94 101
144 178
68 160
21 153
116 128
9 179
156 195
23 54
12 76
118 145
50 144
26 116
5 54
66 145
111 146
96 191
58 126
158 161
98 100
145 166
31 46
52 151
59 200
63 95
6 43
106 173
92 164
107 145
26 139
19 138
45 120
128 129
17 165
102 161
81 192
123 179
66 188
81 178
99 102
15 163
63 195
31 76
111 140
91 193
45 182
95 129
103 105
24 180
37 143
88 158
169 182
13 83
28 42
102 176
173 191
37 81
24 92
33 102
100 178
35 112
171 184
80 174
57 102
112 176
102 197
63 142
151 189
118 122
169 178
47 196
11 105
3 75
18 43
81 126
16 30
111 154
149 178
143 184
121 181
14 102
87 162
65 128
69 129
111 136
86 128
22 175
12 194
2 198
34 129
27 93
39 82
71 84
71 126
39 179
92 129
67 98
82 85
168 186
162 188
16 29
47 127
3 93
112 186
101 187
32 184
126 163
48 106
32 61
50 168
11 193
10 200
41 93
36 146
37 80
33 166
152 197
33 143
54 193
21 111
140 181
122 165
26 100
72 172
19 50
45 47
89 127
78 140
29 133
43 166
2 94
56 163
80 81
29 198
53 197
52 55
129 179
26 58
46 61
126 165
90 182
171 181
42 108
15 44
30 134
112 144
66 167
100 135
160 183
48 129
80 107
111 121
23 43
12 145
121 189
10 182
7 47
33 122
28 93
108 110
17 176
17 93
33 90
102 103
61 154
81 182
38 124
134 141
83 121
39 97
127 181
41 65
111 118
14 148
69 87
107 143
65 163
3 64
98 106
42 61
79 190
173 193
24 67
128 158
76 154
65 178
7 186
33 52
119 124
54 199
155 176
15 145
111 183
159 168
112 148
15 51
73 105
162 165
92 155
111 127
16 34
107 119
139 152
44 155
64 122
27 187
102 172
78 166
6 160
13 167
25 115
18 52
12 118
94 115
13 54
20 91
37 186
46 190
23 149
130 152
45 74
4 187
39 185
16 69
54 147
110 112
14 175
16 107
2 167
110 158
109 117
66 182
71 76
120 122
65 71
44 78
12 149
35 197
21 54
49 55
24 122
73 113
154 159
58 134
49 126
153 197
182 187
8 152
63 180
110 196
2 53
76 143
3 150
107 115
52 172
21 169
106 137
24 153
31 163
59 193
37 185
24 162
26 136
117 121
18 120
136 179
116 123
81 176
56 174
113 148
55 61
24 32
49 59
48 188
15 171
65 86
55 99
99 125
154 167
21 45
18 157
29 92
22 101
34 48
102 144
57 73
23 127
41 114
142 187
95 115
112 133
20 139
119 144
18 71
35 63
142 158
47 174
41 150
6 169
131 193
115 123
60 162
124 167
33 141
29 77
85 192
41 79
28 54
156 199
60 61
105 194
66 154
127 142
72 126
84 155
27 91
84 97
144 177
76 180
103 148
10 139
40 91
3 134
129 172
128 168
39 151
88 140
36 71
138 194
44 170
112 131
67 92
17 173
8 142
3 45
53 127
163 169
16 104
67 87
188 189
52 180
138 155
41 115
56 115
41 123
33 173
106 166
138 192
54 57
21 63
90 129
129 175
44 85
68 98
10 24
18 50
65 98
63 64
14 185
59 170
134 158
139 185
15 130
83 84
46 101
99 131
108 186
79 133
108 189
60 116
20 181
89 166
40 137
26 83
75 89
21 77
96 145
58 159
113 175
8 36
7 24
106 188
15 27
114 135
122 150
120 163
9 174
42 197
6 112
8 77
26 56
119 141
120 139
14 32
75 161
15 22
5 7
38 109
151 170
4 178
166 177
53 157
21 154
136 137
77 200
10 185
165 190
137 140
85 169
54 134
14 67
60 187
46 187
17 178
29 157
1 13
11 21
142 154
28 46
90 116
46 121
12 73
93 108
157 193
99 140
8 23
58 69
40 128
121 144
40 174
38 158
135 196
137 191
37 127
124 161
91 198
131 151
80 139
15 75
141 189
51 80
87 186
117 191
19 130
70 172
117 161
81 97
67 102
16 165
120 151
11 12
44 64
30 190
40 180
68 69
100 139
24 163
131 185
18 104
7 26
71 130
46 72
34 140
1 170
79 119
16 28
136 173
118 183
90 152
78 150
80 180
92 177
37 66
39 143
67 130
191 194
37 50
11 138
49 186
180 187
1 113
41 133
168 170
43 122
151 186
57 138
8 12
106 153
118 140
13 33
15 50
66 189
72 160
5 51
96 137
94 200
8 66
174 192
83 159
48 72
14 59
97 182
48 100
62 193
83 87
39 58
62 95
71 151
116 135
148 156
164 191
147 158
71 78
19 54
64 170
5 88
98 145
42 98
6 184
157 168
46 113
77 181
84 197
75 171
78 109
39 195
160 173
64 176
123 185
11 121
67 186
80 194
53 154
60 165
28 120
172 200
35 151
137 190
106 133
51 152
119 187
12 94
6 16
28 32
73 85
14 81
79 191
138 161
2 21
19 137
62 118
28 29
33 55
91 195
48 147
122 163
134 169
104 108
128 160
6 39
53 161
40 140
22 49
130 195
97 142
116 119
96 97
39 107
22 123
68 168
46 129
106 131
26 75
78 138
77 143
64 101
78 141
24 199
28 106
101 127
46 135
13 45
174 195
66 190
63 198
65 89
40 193
69 171
105 122
105 177
7 71
101 171
173 199
192 198
13 181
111 169
15 137
29 86
97 170
165 192
47 144
47 140
19 24
69 113
38 101
174 183
7 92
52 192
2 32
23 29
148 154
106 119
68 175
92 175
58 160
5 91
31 192
7 78
7 87
12 80
134 181
112 185
114 115
83 185
166 198
143 198
38 54
134 195
99 123
43 79
35 199
41 84
1 20
69 105
93 128
68 75
29 189
82 184
83 197
40 68
57 77
18 93
86 148
73 87
101 186
142 197
37 133
11 46
65 122
29 52
40 94
104 180
66 160
85 145
90 125
68 79
79 157
66 174
5 9
43 197
98 156
45 166
6 22
5 185
86 161
85 94
108 175
58 104
46 71
42 189
114 178
154 191
140 190
22 103
20 108
92 199
106 185
104 182
173 195
90 119
103 168
27 164
96 148
1 151
96 132
116 167
121 179
69 104
56 110
88 169
93 114
11 197
40 168
88 99
124 144
50 175
63 81
30 108
4 88
107 164
175 190
159 169
143 193
6 175
69 154
101 159
98 170
7 52
131 191
79 99
16 23
61 96
171 186
90 109
95 141
33 181
57 200
70 116
78 117
113 170
98 153
92 125
4 173
74 127
82 172
175 182
149 186
16 155
67 113
95 162
66 138
56 68
88 141
118 166
3 39
28 57
116 170
19 168
80 127
6 164
78 144
56 86
7 190
95 102
27 103
38 141
51 140
60 194
169 189
35 43
53 99
100 112
87 141
25 66
77 128
104 133
24 132
83 188
33 64
9 139
36 108
20 43
63 128
160 180
60 92
47 48
15 185
121 196
95 171
132 163
60 145
13 105
136 160
10 161
182 191
18 200
94 121
25 199
9 96
80 84
97 176
103 164
19 31
130 134
19 182
5 181
2 127
99 185
72 138
30 146
123 135
3 11
76 100
51 94
91 155
139 180
104 110
18 128
72 89
88 100
119 172
103 140
101 128
55 119
87 157
8 115
103 113
42 44
116 196
124 130
93 140
26 31
20 157
90 150
90 139
62 161
102 142
5 150
110 160
7 29
6 147
146 193
114 134
7 139
87 138
114 185
67 183
133 169
141 198
27 71
15 194
3 76
75 88
41 170
159 198
20 174
151 198
57 99
97 148
87 95
178 189
94 194
7 88
7 179
36 80
41 122
77 88
14 91
126 190
140 189
101 156
12 137
10 165
8 81
2 56
9 197
30 81
28 188
145 181
175 178
15 152
146 173
50 194
35 196
20 135
9 43
36 144
42 163
98 143
116 157
33 88
94 103
116 174
63 71
61 110
109 154
2 139
129 191
105 146
26 169
104 107
23 56
17 121
126 137
18 160
47 117
123 162
106 155
33 115
122 169
16 111
119 185
24 87
73 134
71 164
121 145
151 187
141 186
23 44
28 101
30 181
85 132
147 189
69 190
9 39
5 19
70 147
78 158
145 147
92 124
12 74
81 198
158 176
139 148
6 84
145 164
125 126
111 174
73 84
39 40
61 184
8 97
73 173
45 124
3 165
3 4
53 183
100 120
2 152
70 73
66 94
65 107
108 132
53 180
85 184
36 121
32 106
30 64
26 176
29 193
105 123
107 147
48 108
106 122
142 146
129 196
77 103
29 131
35 111
136 164
90 180
45 107
166 179
59 196
13 133
190 196
61 200
124 143
2 161
96 107
97 105
5 186
63 148
171 187
17 65
85 181
15 177
65 102
14 145
99 128
90 174
43 85
4 89
41 116
101 123
42 115
58 186
171 185
50 129
2 89
165 183
90 146
33 188
29 156
95 165
84 180
52 186
102 127
54 109
8 90
9 154
35 194
18 185
87 120
60 158
132 181
103 189
115 121
157 197
4 171
46 179
155 165
19 142
71 99
104 105
85 188
50 95
116 143
187 199
37 67
31 68
54 151
80 92
37 131
2 193
68 171
45 193
49 118
116 138
39 75
127 166
2 52
16 129
68 122
59 180
11 84
24 112
145 160
64 73
24 56
143 145
79 162
112 170
100 110
6 182
45 197
62 145
43 102
46 159
124 160
117 132
99 122
82 140
7 142
19 127
31 58
67 106
84 188
101 172
30 147
22 82
17 101
17 61
38 136
7 39
90 104
5 80
48 145
39 80
1 164
8 58
119 123
72 146
38 45
7 67
16 120
27 154
7 62
102 169
173 176
4 142
61 190
84 190
8 51
54 164
2 86
12 60
70 98
66 128
52 56
73 133
33 158
69 119
9 135
29 53
109 113
17 30
37 109
136 168
175 181
70 144
70 173
14 124
27 199
7 57
80 196
25 40
124 146
18 171
42 92
57 123
62 63
175 192
139 145
76 170
150 164
15 149
56 95
14 44
124 145
40 184
64 166
183 191
110 156
97 156
13 115
14 158
14 90
20 79
49 199
88 145
26 138
53 112
130 155
45 169
48 148
31 57
11 152
21 53
67 111
39 65
34 186
67 138
54 102
35 50
49 77
124 139
86 145
56 88
16 115
62 185
16 134
51 86
35 96
65 120
103 146
87 184
18 173
56 67
74 153
27 117
30 112
114 129
1 115
99 146
67 115
19 100
82 101
132 141
74 139
101 124
41 194
62 82
106 151
6 20
115 180
138 197
10 77
117 194
10 156
55 170
75 118
80 146
53 108
45 116
11 189
116 172
19 146
161 170
121 184
48 179
28 105
60 185
78 185
43 55
7 153
68 93
83 126
116 189
2 124
9 110
31 63
97 110
55 68
56 152
74 165
16 109
3 190
57 122
159 191
86 171
8 30
19 74
79 130
7 157
25 60
52 136
87 111
51 192
107 169
131 139
59 84
123 160
20 162
132 179
5 30
69 116
106 165
175 183
56 108
94 96
3 36
62 130
156 186
73 188
78 149
107 185
70 127
35 93
4 137
169 170
36 128
32 35
21 95
69 196
31 59
55 96
123 127
82 119
72 102
138 166
23 31
7 25
29 33
13 188
169 186
60 176
51 119
53 134
6 131
16 88
58 177
169 180
159 174
106 175
84 152
21 62
86 144
1 173
33 119
63 163
115 192
87 106
116 160
48 110
118 150
2 93
4 28
87 88
36 160
50 131
27 134
25 45
38 174
51 118
22 181
57 127
44 86
95 163
161 171
72 165
10 102
43 111
104 192
111 162
17 120
37 115
180 192
128 159
25 198
71 175
32 93
33 190
65 73
134 192
23 178
141 200
18 90
92 117
82 95
23 168
22 120
35 52
117 149
24 177
89 194
18 62
49 153
76 181
1 82
93 198
175 197
17 130
147 162
175 193
99 190
155 187
148 175
33 78
122 197
82 158
115 141
80 200
34 165
8 103
22 62
42 191
23 175
70 124
92 198
106 107
41 188
54 61
65 175
75 142
48 192
124 157
15 120
85 139
28 130
61 120
72 128
76 91
42 157
61 92
16 127
24 175
35 121
36 37
101 180
43 149
108 121
128 140
99 171
33 54
24 189
24 143
153 157
25 157
131 164
71 191
45 99
34 168
71 193
6 9
99 108
85 190
161 177
115 144
59 122
59 197
56 162
106 156
12 21
41 75
120 172
81 148
77 102
51 77
8 28
75 145
88 197
144 160
149 176
152 158
104 138
47 100
16 98
167 195
2 82
26 117
19 53
81 169
41 81
10 63
66 82
120 167
38 181
164 186
90 126
39 106
101 115
15 154
72 185
21 76
142 153
190 191
55 168
134 173
52 60
138 171
83 199
118 153
29 100
87 96
3 130
46 63
57 148
176 197
43 184
68 132
97 107
6 100
77 156
44 72
149 160
4 68
11 120
58 137
189 195
56 154
57 190
72 88
14 153
77 78
157 184
101 162
3 79
105 147
30 31
41 163
128 157
4 168
11 106
152 176
56 70
12 34
69 187
72 101
140 166
115 133
18 164
10 27
13 110
47 105
7 18
107 124
13 66
1 12
56 199
104 147
67 189
83 168
24 27
152 170
87 193
100 107
87 171
26 165
97 185
115 158
29 160
22 149
68 91
86 105
150 195
125 146
110 197
13 28
11 158
42 171
134 146
28 115
141 165
58 93
56 157
47 197
50 75
172 176
75 95
22 70
57 81
62 137
24 37
68 150
2 154
76 183
83 109
124 200
34 138
1 125
2 172
113 180
30 176
53 163
101 148
14 162
45 180
29 148
9 116
94 134
27 168
63 114
60 178
43 148
81 179
8 183
46 182
43 177
30 56
127 184
126 172
30 43
63 190
2 63
79 112
121 197
18 77
122 134
124 187
45 95
28 66
20 128
72 168
28 125
87 150
109 158
3 9
65 108
143 178
162 180
25 158
88 125
37 123
13 63
52 158
66 170
158 167
51 54
50 157
60 76
107 131
63 172
92 112
70 162
98 134
104 176
30 58
50 90
62 152
94 133
124 136
66 119
103 184
90 134
55 85
10 186
4 118
84 167
45 190
50 60
96 117
110 122
104 137
37 139
42 137
66 97
29 187
30 115
100 142
109 116
22 121
110 185
71 172
120 170
29 196
38 50
35 39
42 180
65 169
9 106
81 168
160 191
40 123
89 117
72 195
132 158
106 187
68 114
16 143
11 83
112 125
120 128
8 88
77 188
10 21
14 72
152 172
139 192
81 180
52 53
79 189
25 63
102 170
10 36
28 168
132 157
25 167
134 147
118 189
13 150
163 172
100 131
13 19
96 155
153 173
61 64
38 39
127 169
20 32
124 196
82 173
19 116
59 149
164 196
103 180
3 191
53 137
157 183
82 99
41 86
95 195
51 83
4 43
48 131
90 135
105 175
27 175
74 77
20 50
52 119
65 70
22 71
36 41
3 88
99 100
83 123
9 164
93 139
147 195
16 54
20 193
2 110
11 45
62 113
77 107
179 196
135 149
138 141
70 171
82 154
43 154
16 96
20 143
70 103
107 167
5 105
33 49
43 44
49 70
3 135
69 175
97 198
85 122
1 78
12 89
174 178
3 197
18 143
5 143
34 118
2 34
3 69
100 148
14 183
87 177
45 158
27 178
49 61
175 194
2 79
128 152
32 80
32 167
54 95
26 113
9 178
13 134
2 76
140 172
69 143
193 195
10 171
34 196
2 156
28 186
20 117
85 153
65 184
8 194
57 64
3 112
105 149
80 121
112 115
43 68
62 154
59 188
183 193
97 139
53 153
114 165
26 104
85 141
23 192
51 127
42 90
100 134
4 87
30 103
154 181
17 180
4 96
54 191
29 84
35 68
10 190
9 66
191 196
51 88
151 158
58 190
144 175
57 176
25 135
25 140
107 134
29 186
64 79
2 5
27 32
4 131
43 161
143 162
120 190
58 73
118 177
110 198
13 103
27 112
18 165
43 56
69 152
61 176
130 160
36 173
17 160
103 133
45 151
9 159
169 171
38 77
183 195
112 142
167 194
137 177
177 182
35 56
147 197
43 114
56 104
7 164
6 7
2 138
55 141
17 91
65 196
104 158
4 55
40 51
48 168
17 156
119 168
138 195
98 167
175 179
33 86
20 130
37 71
96 179
85 90
149 154
68 117
55 100
44 186
18 20
104 160
58 80
17 43
120 155
129 174
3 94
156 167
22 173
130 145
32 109
5 53
57 128
139 169
121 200
152 186
180 199
62 104
43 199
124 178
19 64
46 130
61 175
38 64
63 73
96 171
47 93
88 109
123 168
70 182
107 112
67 178
28 82
98 189
40 198
39 56
56 120
88 166
5 35
106 141
79 185
109 146
96 111
92 139
152 174
140 163
85 173
44 154
22 155
66 81
101 132
135 178
12 169
178 180
26 105
6 56
32 110
57 62
78 152
44 53
141 168
42 64
42 96
5 125
30 136
148 168
55 156
3 199
20 140
74 120
63 194
97 106
83 92
27 80
78 162
87 140
32 192
8 91
78 79
143 188
98 144
56 124
158 195
52 80
149 155
157 181
68 172
5 135
86 177
164 170
43 65
112 137
112 169
25 168
64 142
59 71
144 154
40 79
10 61
50 185
85 172
84 116
78 148
76 98
107 139
95 117
26 72
12 104
67 161
138 172
147 165
32 66
39 53
60 151
7 85
49 121
20 178
31 123
62 86
21 185
150 151
19 200
37 163
85 130
126 156
48 182
4 10
196 198
13 51
43 123
2 116
39 135
33 105
90 184
56 165
110 148
16 84
84 135
75 199
25 130
115 152
114 120
22 185
4 72
107 168
14 107
131 174
95 124
39 45
113 163
68 139
17 192
84 133
38 63
79 143
18 163
94 126
171 188
78 182
11 174
132 135
113 143
14 20
12 125
115 131
16 161
126 166
94 193
14 133
80 103
59 75
56 167
7 28
6 25
149 197
148 176
110 152
83 134
105 190
44 132
48 134
41 59
77 119
5 99
32 176
92 133
12 190
58 92
2 65
38 152
149 174
24 110
3 168
87 168
88 146
15 94
15 17
125 151
30 132
91 177
146 162
12 61
22 115
183 189
75 116
55 86
16 42
128 147
16 39
62 196
100 124
62 92
40 42
46 198
16 37
20 142
13 38
46 151
128 145
41 178
11 26
67 126
81 104
74 141
42 110
32 185
15 178
29 40
32 150
11 163
4 135
46 134
80 181
9 189
134 161
20 77
16 90
88 122
57 107
143 191
155 160
72 169
50 81
49 78
25 81
31 71
1 16
105 124
115 176
107 122
56 98
5 184
58 84
27 86
54 143
16 191
24 104
121 194
6 190
131 184
96 123
80 163
70 101
44 156
154 163
106 162
107 165
6 57
108 147
30 109
47 90
55 73
37 175
22 86
11 49
85 160
132 145
17 200
46 69
100 111
21 149
5 156
61 170
28 180
45 79
86 196
141 155
72 145
117 166
21 123
163 200
39 152
37 169
29 113
120 196
118 176
94 161
47 162
67 114
88 138
14 126
136 200
60 99
49 197
44 47
48 150
40 139
30 182
7 16
11 134
50 142
60 132
129 149
16 170
11 107
41 113
43 106
13 44
120 135
30 188
40 175
55 77
13 189
77 109
17 35
43 66
53 145
120 184
101 177
16 33
10 179
172 184
5 71
15 84
5 101
48 122
42 155
78 112
25 160
5 175
92 160
32 199
133 172
87 119
59 93
16 154
21 160
1 180
17 139
120 131
89 109
43 132
177 183
141 167
8 94
45 46
6 101
146 151
51 166
131 177
18 122
39 85
111 159
125 179
2 176
52 200
70 137
32 168
73 171
4 74
137 185
14 172
158 198
32 71
168 171
45 84
86 106
142 182
106 170
167 187
26 172
48 49
80 170
49 160
23 53
17 46
18 183
146 169
45 130
98 113
103 193
3 92
48 77
4 50
72 176
123 181
56 161
74 147
131 145
7 106
25 137
93 157
91 171
104 184
42 160
24 139
106 161
23 51
36 85
20 129
59 172
4 93
42 128
25 172
95 194
17 129
125 166
121 136
85 105
14 74
136 162
58 143
122 176
61 145
37 112
21 86
25 99
4 126
48 95
76 149
80 102
117 169
63 121
10 111
55 193
18 132
56 172
20 83
41 119
124 183
39 73
70 190
2 42
51 174
82 160
64 126
41 98
165 180
47 190
56 169
64 72
23 132
77 158
29 117
13 177
38 184
17 32
20 39
63 77
19 171
102 124
14 151
20 53
71 150
70 114
10 86
86 173
110 181
76 158
53 82
10 38
138 170
119 160
50 61
11 18
132 196
120 143
64 115
144 152
28 155
39 198
21 134
54 175
55 74
36 172
45 171
33 189
64 152
108 173
23 80
146 183
17 191
61 70
2 194
54 144
18 187
99 197
107 179
120 179
141 193
10 174
80 110
177 180
34 152
68 101
107 173
83 144
49 170
102 106
55 103
49 97
160 182
145 192
162 179
10 162
139 162
151 162
26 122
76 81
145 174
61 133
174 182
25 110
119 191
35 178
2 23
19 61
59 171
110 135
98 183
126 176
28 111
153 171
70 77
64 159
88 94
9 31
46 186
156 185
37 194
105 187
6 193
13 23
100 150
143 160
96 180
99 167
27 150
81 174
171 192
29 105
42 45
35 153
80 123
83 120
41 176
12 131
139 151
28 63
108 144
158 178
115 193
58 168
141 180
162 176
1 142
121 152
5 73
6 99
33 65
93 145
84 191
126 127
20 78
66 166
85 116
168 192
64 198
52 93
48 124
69 172
7 114
6 165
52 73
95 145
32 138
66 173
40 131
165 176
152 181
5 65
107 129
5 192
123 193
65 85
51 110
28 89
45 94
12 134
68 196
68 136
21 30
11 29
65 143
22 40
36 61
72 178
46 171
39 189
24 64
95 196
134 184
68 94
57 165
21 108
180 193
146 179
29 124
13 127
117 188
50 128
5 6
10 81
32 103
150 178
78 90
93 116
84 85
58 133
84 117
64 111
28 121
18 91
100 101
34 62
16 71
35 40
97 117
24 43
70 194
156 191
159 180
80 153
82 84
27 157
53 131
58 151
34 66
102 181
79 80
59 107
7 43
27 184
53 107
80 115
28 47
60 66
3 183
106 121
23 45
24 190
56 171
77 105
144 149
115 197
70 154
3 57
18 68
63 110
6 138
46 141
60 189
18 123
105 169
43 137
15 53
163 183
7 68
15 141
167 190
59 94
125 129
5 93
1 183
23 38
165 175
69 101
69 168
39 44
41 88
155 169
14 195
53 181
25 87
35 47
120 177
44 130
58 86
97 129
142 169
12 100
189 196
123 199
73 74
6 35
49 94
51 103
4 63
43 163
18 178
40 55
84 139
10 90
20 153
109 110
12 119
18 51
19 159
112 198
49 73
164 200
144 167
23 69
66 85
124 179
161 169
51 136
181 195
59 183
79 86
92 170
119 193
8 32
74 103
141 142
12 101
5 120
165 173
27 89
151 190
11 96
9 24
43 105
39 173
67 90
34 107
140 195
49 166
35 181
15 146
62 181
8 161
75 162
27 79
49 179
7 136
2 28
5 173
47 50
101 122
1 193
12 45
111 165
12 127
61 143
141 145
121 187
93 193
5 55
163 195
69 148
30 157
112 163
19 119
157 171
13 95
36 179
148 159
56 96
61 127
46 99
105 127
45 48
141 196
77 164
123 141
72 151
9 140
13 50
138 191
121 158
25 156
117 134
103 190
101 189
54 125
38 182
181 191
47 192
128 193
6 18
13 64
24 135
38 86
111 134
94 124
125 154
75 165
58 199
60 103
66 91
158 199
107 118
120 158
7 41
89 121
32 172
66 192
34 132
34 42
42 48
68 184
66 72
65 195
85 157
46 123
47 130
30 33
90 102
101 131
68 198
144 186
91 119
13 126
70 125
11 88
67 184
51 164
171 197
122 124
69 182
41 80
48 82
142 198
43 139
116 195
12 188
25 197
44 100
20 145
4 190
97 135
171 183
120 126
66 169
15 19
108 124
123 200
13 113
142 159
147 167
104 175
67 177
74 88
103 175
109 168
65 68
23 96
7 50
9 165
22 160
1 93
3 171
18 44
2 109
98 195
78 101
154 176
4 104
32 119
58 184
48 191
156 190
52 123
116 168
39 186
8 140
52 68
42 43
30 139
89 196
77 126
18 19
87 97
42 51
61 141
26 115
152 173
7 69
51 189
60 197
66 152
29 150
122 140
68 73
112 159
38 123
2 146
48 114
10 103
50 109
113 130
63 183
64 188
105 167
69 158
135 175
43 115
94 164
55 194
52 115
141 146
90 156
52 111
114 192
68 145
45 60
11 187
133 156
27 48
2 114
30 44
45 139
37 146
57 90
33 128
81 164
16 53
46 66
132 195
11 78
58 62
43 89
93 143
13 193
11 185
140 194
35 184
28 85
31 102
50 100
62 144
28 190
55 135
39 67
84 90
76 132
137 184
11 82
70 188
80 183
135 138
47 99
10 98
105 112
76 121
21 48
164 173
125 180
52 77
117 193
148 153
143 176
78 133
7 73
34 137
39 140
1 166
22 136
110 146
54 141
51 180
29 62
33 109
51 65
112 145
21 144
32 191
30 184
62 78
34 113
29 35
3 167
75 99
63 144
163 170
118 186
86 178
116 134
21 44
51 133
10 110
2 168
62 83
35 61
137 157
118 179
101 104
182 186
146 196
1 88
43 144
112 173
37 144
79 158
20 45
28 39
128 184
15 160
25 75
78 127
4 16
13 78
1 25
25 164
152 198
17 24
22 189
170 199
114 194
12 31
40 129
4 163
57 134
90 163
82 142
59 80
143 180
30 189
80 142
41 52
18 94
26 70
9 163
45 69
64 91
11 149
107 108
76 77
26 155
152 195
26 125
58 109
35 176
40 80
14 114
109 169
9 112
81 123
88 123
106 194
146 170
16 108
40 53
151 184
143 148
114 180
53 100
94 174
13 109
129 184
62 67
83 176
69 173
155 172
76 102
73 195
32 146
22 78
45 91
60 73
79 107
21 136
7 147
70 128
56 133
48 80
34 65
93 138
23 167
28 70
101 121
99 158
48 143
95 103
45 87
3 40
59 68
29 56
41 141
25 77
54 133
71 161
16 82
115 132
88 142
107 172
41 111
1 97
32 116
120 171
31 189
89 96
26 180
86 131
168 198
4 80
53 147
14 94
30 149
48 66
13 111
16 43
16 180
7 17
62 157
110 200
158 189
191 200
89 147
21 120
13 21
22 32
66 186
21 91
63 181
57 124
81 121
2 70
87 151
98 139
172 199
53 142
23 109
91 120
29 162
86 162
139 197
150 193
122 139
31 47
43 117
57 192
70 121
31 193
63 105
37 86
47 80
101 191
55 64
41 118
58 112
106 118
80 135
78 81
42 190
132 154
143 200
167 182
35 73
12 140
21 23
148 200
52 143
2 44
9 35
131 167
35 171
92 157
147 179
46 185
99 129
75 84
35 155
21 166
134 199
72 182
1 137
62 190
177 181
44 55
100 136
85 92
58 193
59 96
46 188
32 74
156 176
79 113
84 157
107 135
78 129
1 182
55 158
36 154
105 182
91 111
33 98
24 98
82 186
23 50
99 119
50 193
10 37
63 145
13 70
44 93
51 191
8 154
2 49
24 192
1 104
152 193
42 169
2 197
88 186
72 132
104 113
109 124
105 109
149 173
33 142
56 83
19 68
133 183
83 104
34 36
75 173
37 178
134 164
100 153
30 71
66 127
32 76
104 156
57 131
103 144
92 122
26 189
152 162
56 143
49 54
77 151
16 46
47 171
73 151
103 143
91 174
54 166
7 13
149 192
137 149
29 67
194 195
62 136
56 79
28 179
87 101
67 194
53 169
141 188
87 160
47 137
19 160
52 82
35 156
42 164
6 196
57 115
99 134
25 132
53 78
17 86
162 175
58 139
24 174
56 173
50 140
19 75
110 150
101 107
20 161
116 154
39 191
156 188
43 157
179 191
11 188
159 171
56 156
56 125
145 161
84 153
2 72
72 139
19 110
137 173
81 136
126 177
105 120
1 87
80 117
88 120
93 151
44 198
66 183
114 196
50 84
102 138
59 141
5 159
132 149
111 114
6 132
58 176
89 132
106 111
51 61
23 164
12 49
7 23
29 69
111 179
33 187
72 120
120 130
48 69
170 194
57 169
121 122
59 139
13 74
32 75
165 168
74 75
20 29
19 20
71 97
15 150
111 197
59 63
113 115
22 81
42 59
38 112
129 140
30 53
91 126
30 87
16 194
134 163
21 24
74 84
63 147
16 182
50 56
35 160
50 135
14 22
130 165
49 99
23 61
119 120
74 180
32 77
34 173
1 116
130 148
107 178
20 191
42 53
67 80
82 152
18 74
3 78
182 184
102 179
71 137
30 49
49 82
105 134
45 173
121 185
63 150
108 155
51 82
38 65
39 182
1 47
20 173
75 163
46 156
41 82
7 159
180 196
62 150
20 60
48 139
85 159
45 165
154 170
110 142
38 76
16 150
53 77
78 172
133 150
102 152
54 91
149 153
113 167
16 153
5 114
25 185
51 67
25 153
38 67
27 40
10 94
36 119
163 196
9 48
23 41
122 137
40 84
48 157
126 192
90 159
89 97
124 186
95 179
91 141
175 184
32 114
128 135
9 146
43 173
37 177
185 197
170 175
59 97
52 107
46 178
12 15
164 182
136 194
54 149
80 159
9 33
142 168
97 137
44 177
27 98
58 187
43 110
64 139
28 151
195 197
132 166
46 64
34 200
2 15
11 36
136 172
13 101
128 148
5 142
54 142
73 121
109 129
13 71
32 145
68 133
4 160
194 198
80 177
52 54
98 124
52 171
25 159
14 48
20 98
114 132
66 102
46 65
69 70
104 155
8 112
131 143
19 45
49 133
135 144
35 103
152 165
21 141
145 149
51 89
44 192
96 130
72 93
22 146
7 137
106 109
93 106
93 97
59 125
13 182
12 103
48 113
53 144
147 176
1 90
29 145
31 107
17 39
170 184
73 97
74 110
121 192
146 163
13 60
24 173
31 144
106 193
117 163
23 49
139 182
39 103
30 86
8 68
34 41
59 79
124 133
116 181
65 140
16 21
28 166
145 178
64 85
3 18
3 26
47 145
24 79
60 179
30 153
70 79
7 96
72 171
1 55
135 157
93 127
27 136
63 182
2 120
50 138
158 160
131 141
116 149
15 97
111 160
18 181
69 92
186 200
81 105
87 125
33 148
74 131
22 150
37 69
48 125
16 141
58 71
9 81
6 128
14 63
15 148
22 57
3 56
11 117
129 133
187 190
113 179
10 194
85 144
27 190
84 174
154 182
60 190
99 180
19 153
37 70
51 146
41 97
36 152
61 67
109 155
77 91
2 186
96 115
155 199
10 42
70 112
13 94
8 21
31 37
17 25
132 173
116 120
36 184
103 111
170 178
51 59
45 90
8 126
26 34
41 191
139 176
3 154
80 193
5 56
9 122
2 184
57 59
46 193
55 150
63 170
66 158
16 124
3 129
172 194
88 89
84 100
123 152
5 78
26 126
52 72
119 149
84 198
6 55
47 86
157 169
44 142
59 119
50 101
76 136
158 181
42 50
136 153
53 177
66 83
10 167
42 118
64 189
91 144
116 127
93 104
25 131
26 141
83 155
76 89
21 89
98 193
143 164
63 199
30 137
166 173
16 133
28 30
1 65
13 185
33 58
118 131
26 193
14 96
128 194
20 104
80 89
147 169
136 145
74 171
125 164
27 192
40 88
62 174
125 196
65 79
178 199
176 200
100 154
15 110
50 130
60 112
11 130
26 76
10 11
42 166
130 182
137 154
94 187
118 200
66 155
29 136
43 120
86 159
4 34
24 95
141 175
96 190
139 141
10 122
22 90
7 195
124 142
4 189
92 154
153 179
22 28
56 63
94 95
120 160
175 200
56 122
40 90
179 182
63 196
100 181
82 194
52 160
24 63
73 162
111 193
126 195
24 172
33 95
158 166
18 41
1 81
66 162
80 83
17 157
126 178
132 161
14 109
95 114
156 165
16 83
36 82
35 45
19 51
48 166
99 169
81 117
53 187
92 185
45 70
71 79
43 82
127 167
108 151
87 196
159 170
98 180
69 122
126 191
19 128
14 50
54 120
47 74
35 131
24 116
43 99
56 184
116 186
12 151
9 38
61 134
123 150
48 159
11 127
41 76
94 186
22 83
60 182
22 79
63 165
21 143
20 122
58 164
48 138
106 154
15 30
1 107
97 127
130 167
35 36
37 45
8 162
188 192
36 142
83 152
60 70
23 185
149 187
52 132
105 166
116 194
79 142
6 186
190 198
117 147
87 108
157 195
42 136
40 190
69 128
41 171
150 166
141 195
20 87
56 135
28 98
27 49
47 182
3 41
36 55
67 164
95 128
90 191
11 94
97 187
4 35
122 194
120 123
53 81
67 86
14 80
49 86
18 134
35 158
113 197
4 180
50 152
90 118
40 73
158 200
42 66
86 146
34 151
44 139
94 111
101 157
171 191
34 90
149 157
81 137
108 129
24 149
103 197
90 136
81 155
3 162
13 130
18 155
5 121
112 162
107 152
36 161
92 180
89 142
9 127
70 92
122 167
173 197
29 41
157 190
130 170
8 86
15 140
80 114
50 99
93 186
156 163
143 151
40 92
21 57
72 98
34 111
162 174
96 120
170 174
57 60
142 166
102 196
36 137
33 93
75 81
147 151
67 69
11 160
11 33
83 158
24 33
66 105
139 181
141 177
149 185
6 174
76 94
187 195
2 125
15 167
56 99
47 98
50 192
96 103
142 177
47 102
2 57
66 141
55 114
152 159
61 63
13 162
13 108
13 26
52 142
37 148
86 100
79 163
50 68
89 172
86 98
59 168
49 132
10 46
68 107
143 196
169 192
56 198
12 82
13 152
170 172
106 176
192 193
125 136
14 164
71 139
15 31
16 92
12 37
76 178
9 156
36 77
35 55
56 107
148 188
104 134
30 116
111 138
176 186
26 27
55 134
20 28
63 188
161 188
41 46
62 77
32 142
65 112
14 156
23 87
81 187
62 117
35 136
117 167
44 148
192 194
25 170
89 112
36 199
132 152
130 138
93 129
123 161
122 156
145 153
116 148
58 198
135 174
21 26
13 43
108 122
12 42
150 183
31 164
113 133
105 173
70 195
18 126
30 105
31 81
35 79
126 185
82 83
71 72
40 97
39 159
72 147
29 125
102 129
31 90
113 114
163 189
14 41
102 155
81 170
180 198
23 24
85 167
44 173
148 185
22 113
17 38
181 182
110 173
130 187
113 131
53 122
81 135
31 191
149 150
94 135
38 42
74 179
103 167
89 99
18 63
72 193
1 53
64 175
74 93
70 142
5 191
83 141
144 146
36 125
89 105
23 159
4 154
5 106
89 123
7 40
168 179
39 84
26 149
113 129
115 170
39 55
92 145
16 178
101 176
102 154
136 159
79 168
35 114
53 98
171 172
66 153
45 53
82 130
158 192
39 118
86 188
19 152
51 144
53 138
97 112
53 69
90 124
102 145
142 180
18 191
20 133
12 133
77 127
17 73
87 94
82 144
33 72
114 157
8 22
80 108
70 126
22 110
7 82
86 195
123 177
28 84
134 183
51 172
51 105
82 112
12 189
80 192
118 152
96 116
147 159
75 132
32 171
2 19
110 125
19 180
146 161
19 38
82 141
96 119
19 143
81 82
20 106
152 183
75 129
71 107
4 148
10 17
56 137
60 159
7 128
20 40
8 139
52 99
8 26
55 63
56 113
56 140
116 165
36 47
19 63
78 191
92 153
2 132
82 125
47 166
11 111
24 127
83 127
47 160
93 150
113 139
69 151
4 164
50 119
52 173
103 186
122 145
42 127
24 183
58 169
38 47
73 187
14 146
10 92
60 155
21 125
66 195
67 190
13 148
66 137
20 189
127 139
13 73
63 120
105 136
10 149
82 175
39 117
153 192
78 154
115 167
31 158
5 178
44 126
70 83
81 197
36 60
60 113
142 162
34 122
71 133
42 141
19 82
26 133
34 95
12 41
50 89
11 129
98 176
23 83
44 147
119 131
88 95
71 92
180 184
16 126
74 90
41 179
36 44
69 141
60 114
128 169
140 159
40 166
148 189
12 185
134 156
151 165
24 25
1 135
100 182
30 200
128 138
34 43
88 105
128 154
63 187
163 175
14 149
140 185
162 186
43 96
62 101
7 33
70 76
21 174
51 71
15 40
107 140
33 170
95 142
96 143
16 70
4 139
30 37
38 159
34 46
137 168
27 146
101 103
34 47
85 138
133 174
28 62
125 134
29 79
99 101
65 161
65 96
123 124
44 182
47 122
41 109
128 130
83 98
78 186
12 81
38 148
127 197
127 133
16 158
64 155
30 59
35 128
140 183
79 116
2 33
51 107
9 11
1 83
28 43
78 165
20 123
15 48
87 93
5 32
133 171
1 101
35 65
13 39
130 146
82 197
69 89
2 133
84 154
64 134
97 134
158 174
58 72
15 106
8 61
63 127
95 155
41 87
178 197
49 105
9 64
109 193
102 117
40 57
67 180
8 85
151 173
110 179
23 71
24 89
31 44
31 74
55 147
46 138
43 187
154 157
48 96
81 83
6 140
143 165
119 127
20 175
160 167
69 95
21 42
22 196
109 128
60 106
59 61
74 94
66 74
103 174
40 196
45 198
44 140
102 175
21 82
62 169
164 180
163 188
92 134
19 165
28 150
69 195
105 125
135 161
107 159
11 22
63 173
46 192
103 119
69 164
49 145
103 104
23 97
78 106
75 117
47 53
62 165
34 103
182 198
20 109
108 138
15 93
19 144
90 93
26 112
77 86
35 150
104 170
16 168
13 141
160 185
34 54
12 175
100 171
15 176
74 185
122 135
95 164
39 146
23 108
51 70
38 118
36 134
95 191
89 168
86 172
54 82
97 101
43 112
60 93
102 150
142 200
9 117
19 145
142 194
88 196
115 140
2 68
14 199
27 193
110 184
5 122
108 154
148 198
36 186
16 121
162 192
197 200
129 185
22 194
31 84
35 185
57 103
80 132
13 99
22 102
5 96
15 29
6 60
108 182
12 154
94 157
78 164
4 169
6 120
89 110
9 49
100 194
148 166
133 161
149 175
1 169
12 43
24 159
26 97
63 69
122 130
153 200
103 129
4 175
19 191
15 183
122 155
22 159
134 186
6 111
90 91
122 184
3 122
24 164
40 136
44 81
66 198
12 113
5 26
144 163
64 130
66 149
88 191
97 161
137 153
104 195
43 80
116 162
17 149
42 143
4 161
73 161
93 100
121 193
2 179
13 59
1 150
8 39
147 177
24 99
84 98
122 141
172 196
95 189
33 63
7 154
65 157
63 132
32 160
44 83
73 95
64 169
87 126
6 158
153 169
50 125
82 147
161 168
90 123
53 90
74 151
7 72
24 185
13 14
141 173
177 184
110 155
67 97
72 85
4 120
51 125
183 190
86 104
2 128
42 63
91 158
105 183
99 103
110 167
115 189
21 188
179 198
13 61
129 168
55 142
170 187
6 114
39 130
125 152
27 182
17 172
135 156
100 185
25 104
2 166
84 124
3 188
117 127
16 172
94 146
33 70
21 145
173 198
83 91
129 199
37 51
103 199
23 28
77 195
149 161
32 144
12 18
89 195
34 121
69 90
111 172
62 89
48 180
3 156
85 174
93 131
130 168
28 123
183 197
112 187
70 118
4 5
54 93
57 92
46 78
115 135
59 157
144 181
52 121
6 86
1 9
121 137
109 142
109 196
35 70
147 188
44 58
77 100
70 165
75 177
34 69
15 175
19 113
52 125
64 133
10 143
68 81
56 168
35 116
154 174
74 78
50 200
73 189
27 31
133 135
120 127
45 141
9 26
28 189
37 130
81 185
73 167
75 100
40 48
20 72
51 52
117 155
39 46
53 184
16 148
66 115
45 52
125 199
8 20
133 164
49 187
43 174
99 132
46 52
149 170
73 144
23 162
17 162
173 187
109 153
109 141
83 139
92 159
76 194
145 179
71 155
24 146
20 113
67 110
160 198
53 111
61 168
60 173
84 99
84 93
77 81
25 155
4 7
136 183
61 189
78 161
4 11
139 198
109 114
55 92
101 193
75 174
42 194
107 200
52 168
87 105
198 199
101 133
13 140
83 125
46 103
51 55
180 195
60 119
105 168
35 75
107 177
158 159
173 200
60 78
155 182
81 166
159 193
80 158
19 173
62 70
26 107
42 192
58 163
106 144
88 121
65 170
2 151
33 152
59 136
31 114
65 126
26 148
141 144
31 119
72 73
41 139
10 53
133 180
31 199
56 144
41 128
107 166
5 182
78 190
100 164
6 179
21 193
98 172
70 85
46 196
57 97
98 128
23 121
10 91
55 105
39 161
108 118
25 184
3 20
7 58
59 118
146 168
79 200
35 133
9 32
72 175
84 173
114 174
9 126
49 64
46 170
34 160
11 70
148 191
106 142
86 153
39 87
161 193
32 107
15 190
59 175
65 139
160 200
137 162
30 173
30 186
102 190
77 193
93 123
35 48
22 171
29 74
2 77
100 128
31 72
98 171
16 140
49 50
2 130
32 96
119 139
109 135
27 72
110 137
29 185
93 158
35 154
70 94
42 156
48 58
54 85
89 92
17 183
87 99
82 128
147 191
128 170
10 195
37 119
3 155
20 35
68 174
22 27
154 197
44 128
1 131
119 147
29 60
59 167
56 183
98 196
57 166
99 186
31 91
123 163
9 129
82 146
19 77
74 162
39 184
25 143
71 186
23 117
126 146
117 137
95 130
110 111
71 108
78 159
29 72
75 167
48 198
4 194
38 57
6 115
168 188
19 150
49 116
73 117
146 192
69 165
36 168
9 99
34 139
116 163
101 182
71 190
159 179
13 15
125 195
145 177
188 193
26 102
12 148
58 88
51 148
33 120
2 91
31 162
79 102
71 106
43 130
24 111
23 62
29 179
48 160
73 88
43 69
87 146
67 141
133 192
88 148
47 181
55 148
52 89
14 115
5 100
63 87
23 73
111 175
37 56
18 176
39 94
73 124
32 135
141 162
88 91
63 153
19 166
3 159
54 78
11 80
69 194
47 118
62 127
79 109
18 175
4 22
34 45
31 48
110 163
7 122
1 56
106 135
1 174
101 169
168 197
24 42
37 97
26 51
197 198
48 85
98 159
182 197
59 133
62 162
37 126
14 47
167 180
113 181
99 183
62 93
42 177
1 119
14 76
3 91
14 93
6 68
38 145
51 162
92 141
137 144
153 183
30 117
61 98
73 131
22 59
166 197
43 73
34 188
131 144
97 174
49 152
87 124
31 106
36 79
5 83
159 165
177 189
54 177
132 187
107 160
91 115
120 187
158 197
118 119
39 78
26 146
41 152
26 142
121 175
58 63
65 166
14 29
1 102
56 57
38 56
27 159
69 167
26 178
12 79
37 162
13 156
49 181
46 74
121 169
2 192
139 196
5 136
106 178
95 108
8 121
122 154
119 132
14 180
117 141
103 156
96 158
21 22
170 198
181 193
75 185
38 58
108 162
8 100
37 60
105 113
79 126
14 97
17 198
81 108
11 192
87 175
7 150
29 49
26 123
160 164
97 103
41 70
45 200
77 162
111 144
11 162
85 150
34 194
141 151
80 112
77 131
10 57
40 117
109 150
110 147
119 145
70 185
131 186
49 161
56 119
12 23
56 106
27 143
1 10
58 157
100 109
35 198
42 85
22 176
82 124
73 184
126 141
56 116
60 118
12 142
11 128
28 97
110 128
1 41
114 161
47 139
26 41
86 113
142 150
75 121
123 144
121 163
56 200
160 162
72 159
118 134
16 197
27 42
79 171
174 184
73 163
3 73
55 166
65 154
28 161
71 136
104 183
65 164
101 139
26 88
20 76
70 86
44 164
13 172
46 92
35 132
98 103
114 148
43 180
26 137
22 199
61 77
69 136
69 198
11 61
33 59
35 86
158 177
4 8
85 129
105 176
81 134
58 96
4 32
124 165
36 181
147 173
77 79
115 175
48 164
157 158
98 126
61 138
14 168
131 133
26 192
139 164
170 188
20 96
136 184
24 70
85 200
21 159
17 36
27 125
134 152
34 187
27 179
36 107
161 162
6 110
114 182
75 105
149 152
2 78
29 184
80 98
45 119
109 183
5 48
23 111
131 181
6 34
8 197
53 194
65 153
22 198
85 124
65 173
47 57
78 104
7 93
96 192
62 87
165 181
129 161
39 163
14 54
134 143
62 155
142 143
2 200
135 162
80 136
11 68
79 97
50 77
65 104
99 137
29 134
55 79
47 49
108 111
62 200
103 166
61 112
47 115
28 45
82 169
65 66
163 181
129 164
16 189
128 132
142 164
114 139
29 30
24 28
75 97
3 192
48 128
123 184
57 100
98 168
50 126
131 189
31 78
11 103
43 107
3 149
26 196
8 102
64 200
12 50
35 89
58 67
171 198
12 150
101 178
51 99
46 118
145 194
140 154
8 99
6 50
138 184
42 62
15 119
111 173
90 154
20 182
136 161
7 126
65 147
49 147
70 138
124 154
70 141
138 189
157 192
51 163
32 88
70 150
48 81
46 136
7 66
55 167
54 73
112 184
48 91
5 8
83 100
159 178
89 130
59 144
3 105
44 45
36 86
84 171
73 99
126 149
82 187
27 167
85 140
18 85
43 45
50 159
63 192
175 196
161 182
155 194
68 118
47 200
34 35
72 149
33 138
20 172
99 115
75 85
69 120
87 156
122 199
52 122
61 121
100 200
178 181
64 105
42 195
36 138
88 102
53 83
59 176
113 190
16 125
6 137
95 167
58 113
81 171
104 159
162 163
94 159
5 164
44 127
75 76
115 198
150 192
6 63
64 117
51 73
18 67
65 165
61 86
7 98
63 157
89 136
121 157
101 140
127 143
106 158
134 185
163 194
3 161
66 73
16 130
176 198
84 111
102 149
98 115
55 69
14 15
62 133
118 195
1 30
7 191
10 60
51 170
8 46
32 157
21 98
151 191
63 146
39 200
14 163
50 136
38 81
20 127
30 65
7 97
77 183
14 75
8 159
16 55
94 169
62 68
110 178
60 111
64 89
35 100
11 38
94 125
69 157
61 69
45 160
38 172
80 125
18 192
3 200
123 129
89 126
9 152
15 116
54 62
75 196
22 24
155 180
112 171
44 137
96 163
70 157
26 36
33 45
53 176
36 118
50 103
38 134
51 108
41 180
54 108
25 51
87 174
60 107
40 109
98 132
27 171
122 171
104 191
91 109
128 200
30 52
124 184
69 131
67 84
58 185
4 124
1 144
186 198
25 200
111 150
69 114
71 103
17 122
54 67
194 200
143 159
27 116
37 101
8 173
22 187
88 155
43 133
52 112
87 153
154 168
54 146
35 168
62 142
89 104
27 63
125 173
141 164
47 163
91 166
48 176
38 88
15 156
94 180
43 49
25 191
26 59
24 124
67 192
47 96
41 67
71 112
23 129
43 153
42 74
146 152
82 117
163 178
19 117
113 166
126 133
52 199
35 192
147 181
52 127
178 190
97 154
49 158
124 137
44 60
49 148
64 157
17 69
144 193
10 136
119 181
53 118
114 200
114 176
140 174
11 67
26 150
174 199
21 157
45 97
31 126
15 144
132 191
79 134
41 62
118 198
93 135
20 31
12 99
76 187
36 111
97 150
75 102
9 124
151 196
52 59
36 76
8 146
54 187
45 111
82 97
171 194
94 191
8 198
64 92
108 126
136 171
48 84
14 125
43 136
41 131
134 174
29 50
71 74
8 178
29 39
34 123
63 104
94 142
137 199
137 145
73 111
3 109
8 13
17 106
56 87
45 61
132 176
30 122
140 168
49 184
139 174
98 99
178 179
148 192
8 54
28 99
14 95
26 65
28 196
7 200
110 154
81 87
61 136
136 190
118 154
80 137
20 92
93 98
30 79
7 158
18 146
35 174
