200 7188 26
705 774 725 927 515 -844 402 -606 8 295 -230 233 -592 -217 -360 -476 927 353 590 781 478 -479 -363 743 -131 109 888 915 294 526 892 832 -880 63 182 699 -688 477 84 401 -928 -37 -733 -681 -220 -942 -23 -943 510 -418 -597 -452 60 579 -608 -481 -644 541 -152 632 -495 -878 -497 916 -175 -636 -670 485 465 733 93 -964 280 465 -340 -414 -339 644 872 -251 -991 -199 296 423 -226 118 -943 -891 525 -582 -784 329 511 558 38 -540 -139 -94 604 185 963 342 -151 -907 962 791 857 -977 -955 -869 -483 942 -973 774 457 576 401 95 477 899 790 397 -677 -591 571 -576 712 -436 -980 -886 -169 -937 -735 511 399 -384 -895 -196 122 -71 -683 627 -409 273 573 -893 -573 -841 -51 922 229 698 999 153 -476 -415 -251 348 -795 640 346 -825 639 -798 404 813 -598 477 814 -388 -255 97 -527 -892 833 -585 -151 -859 121 -429 -32 -750 14 141 391 -467 926 547 588 141 326 222 798 -366 -800 -153 -420 -18 871 -858
69 91
155 187
113 117
65 77
114 160
47 62
15 135
31 156
46 187
76 90
163 190
123 175
88 187
114 166
41 107
20 105
56 141
82 113
176 198
98 110
123 191
89 143
54 149
31 125
41 130
123 153
14 63
83 190
72 102
69 167
107 197
68 152
60 81
40 126
90 185
23 121
1 112
23 100
161 179
36 41
100 184
92 125
41 95
7 107
41 124
27 132
33 56
123 200
127 131
35 105
2 54
72 196
85 92
29 114
20 184
86 167
4 177
37 98
51 54
24 183
59 103
20 141
24 162
50 128
44 59
97 146
66 154
37 111
35 64
103 190
12 70
49 59
151 186
142 158
4 27
122 188
110 157
23 59
5 140
47 167
41 172
130 189
87 180
59 127
90 95
52 109
55 85
94 176
183 194
113 139
1 21
18 173
27 186
100 116
134 181
30 107
33 78
138 144
68 131
120 198
67 102
2 40
39 164
133 146
52 156
91 98
16 190
84 199
13 139
18 108
116 135
28 102
11 156
31 115
129 168
3 135
12 153
165 178
23 34
62 111
145 171
56 114
108 117
18 195
94 159
97 137
85 144
10 42
36 78
31 171
28 200
96 156
39 179
57 84
7 126
41 133
67 77
83 140
130 177
65 101
81 107
102 188
150 175
120 185
26 143
2 170
2 90
69 111
1 50
2 14
74 186
156 166
42 146
16 175
136 162
130 176
149 179
36 175
10 171
12 81
22 146
17 27
143 148
147 194
98 191
92 101
39 84
15 70
77 154
115 196
89 111
17 20
91 113
105 157
10 176
20 106
4 35
38 166
24 163
102 176
123 146
13 190
24 181
14 173
7 24
41 141
11 112
48 161
148 198
59 132
112 113
141 185
115 146
38 142
18 81
7 65
39 136
116 156
90 104
6 166
61 142
91 123
111 119
154 199
42 106
7 98
42 174
114 189
39 197
83 187
176 193
77 89
103 144
135 141
15 146
112 168
83 93
23 56
91 136
126 198
21 99
17 125
78 82
157 188
58 126
41 109
110 198
91 150
65 129
13 173
33 100
155 178
100 200
29 181
30 31
121 194
124 189
6 81
39 44
42 158
95 148
34 114
13 22
68 186
59 89
49 72
34 64
106 140
107 179
79 90
36 154
8 29
5 31
33 197
2 102
109 172
48 169
51 132
69 120
43 150
138 142
93 139
25 85
9 145
14 84
96 150
39 68
15 144
158 196
8 83
31 197
10 189
5 126
19 45
63 79
156 172
109 114
25 125
16 25
100 153
5 128
41 198
46 88
44 154
130 152
62 156
100 174
107 168
55 149
102 167
53 128
15 94
62 64
10 76
149 171
11 190
46 98
35 117
3 138
18 156
5 99
2 155
7 182
86 90
67 186
103 139
3 190
74 114
39 163
25 32
34 155
84 131
167 193
43 149
74 88
8 25
58 108
58 166
29 132
33 186
16 132
33 141
110 127
112 121
181 184
93 148
16 37
90 176
134 162
106 155
15 106
141 171
31 172
14 177
12 122
34 132
153 164
101 159
69 73
16 160
32 51
4 51
82 116
63 68
11 55
14 34
1 123
103 135
36 165
74 105
88 195
168 176
141 170
180 183
125 147
146 159
21 186
102 183
8 132
84 91
89 170
1 144
20 63
18 181
45 182
68 192
30 148
30 105
1 142
98 137
77 133
74 110
132 192
65 156
121 148
19 62
100 139
44 166
2 96
110 111
43 167
89 113
157 180
133 172
88 183
74 106
2 109
159 163
62 98
69 103
127 152
24 196
45 153
43 158
72 189
31 175
89 149
12 116
90 162
120 179
10 122
105 168
157 177
47 86
129 152
45 84
77 195
9 193
5 180
15 156
172 178
7 25
23 159
14 196
116 146
119 182
72 194
63 158
116 155
24 197
53 86
92 144
78 114
25 115
104 106
145 165
58 184
134 158
114 200
44 138
110 117
116 184
3 104
131 185
36 146
26 169
153 199
110 187
70 189
94 163
14 174
13 102
45 199
69 88
56 84
94 166
22 33
12 127
7 188
52 105
54 185
100 197
101 142
26 75
24 159
56 132
6 36
10 164
23 132
17 197
30 165
58 170
164 169
38 163
100 129
98 158
46 137
125 191
25 79
129 191
145 174
14 118
101 115
40 102
61 106
94 172
5 78
49 121
45 100
65 72
64 70
121 166
115 199
38 74
81 200
106 120
76 107
106 141
2 47
132 159
124 150
108 127
86 176
151 173
140 143
95 163
33 151
12 39
71 109
113 114
79 97
125 137
58 159
77 192
81 148
7 192
92 184
85 149
30 100
42 133
10 82
10 138
131 154
117 186
4 128
132 169
2 168
23 44
48 75
28 176
140 175
12 103
115 182
119 177
180 199
77 88
50 185
133 187
98 123
119 128
87 107
15 134
149 183
165 180
7 28
23 77
169 198
68 171
25 93
158 178
154 173
55 190
137 181
45 106
139 189
27 55
30 88
17 92
26 171
7 71
25 53
43 166
51 189
23 170
114 128
28 160
89 187
35 151
142 190
12 26
32 50
105 156
56 113
56 194
15 86
59 183
3 53
168 191
56 74
4 93
35 140
4 82
5 159
13 192
19 198
20 96
37 75
22 114
85 133
13 155
7 52
79 160
21 75
19 78
58 84
90 181
94 133
76 83
146 151
36 137
14 45
15 89
116 162
30 134
36 68
96 129
13 95
64 167
36 120
105 181
10 119
10 172
32 39
46 196
86 108
48 175
94 122
64 121
64 125
92 108
101 107
4 5
11 24
66 104
37 115
77 189
44 156
28 74
110 194
16 91
2 63
98 148
173 186
68 71
52 198
70 132
150 200
128 153
75 94
81 181
52 56
9 30
1 176
23 137
25 78
125 189
9 144
14 22
110 181
161 176
94 161
192 195
5 108
169 190
104 116
28 59
56 139
33 146
36 132
22 187
182 183
84 190
17 185
153 160
152 177
14 25
83 194
71 125
110 162
59 92
165 190
141 192
113 115
168 184
15 169
62 113
80 116
154 193
29 179
63 165
22 150
31 89
37 163
103 134
162 182
66 196
75 82
92 185
170 181
100 175
67 85
4 18
51 128
165 173
17 152
84 144
101 144
117 142
124 154
40 189
124 129
63 151
99 191
37 127
1 151
127 176
91 197
27 82
42 179
60 120
32 90
66 117
91 155
12 83
67 168
3 67
61 118
4 34
51 94
7 97
96 142
65 186
19 67
14 181
106 112
120 157
52 65
5 56
166 179
16 55
110 163
47 155
134 174
80 162
35 107
14 86
55 173
101 187
22 191
63 108
123 147
52 60
38 106
114 119
151 194
43 199
48 144
96 122
8 104
45 80
29 105
29 163
72 86
120 184
64 139
32 61
126 150
8 106
118 142
68 167
158 167
35 126
2 195
168 185
51 90
42 157
150 151
63 174
40 193
77 182
56 163
3 31
136 187
79 83
66 75
55 179
139 161
29 150
78 122
87 96
107 117
137 157
29 197
37 136
22 86
99 185
65 113
119 157
6 30
51 167
177 179
24 47
121 197
83 189
45 74
67 156
63 181
178 196
28 186
106 125
72 146
41 166
56 147
132 191
56 152
115 127
53 108
4 170
46 128
29 58
19 115
125 132
151 191
101 138
99 168
32 112
93 108
24 60
41 139
3 170
82 132
1 87
80 115
52 125
59 137
22 113
43 92
20 182
57 109
18 163
179 195
50 180
54 200
84 184
69 93
59 99
27 198
17 109
104 166
81 164
73 80
69 178
101 169
92 200
78 108
155 175
8 196
86 88
34 63
7 152
123 145
9 10
62 139
140 162
71 147
48 174
151 157
22 159
29 142
27 110
53 198
126 151
77 122
62 170
157 174
19 139
155 156
102 172
137 150
61 140
83 98
54 198
59 147
16 23
4 117
18 146
144 192
121 137
6 17
37 77
21 51
144 177
38 184
58 72
46 173
49 76
11 42
74 83
2 7
61 62
2 131
4 123
55 61
77 143
14 90
72 106
22 151
165 174
3 100
10 190
47 59
19 167
43 164
1 147
54 169
121 165
92 166
3 57
63 155
1 23
88 159
26 191
40 122
171 183
90 174
77 159
136 163
10 20
31 194
24 106
26 77
25 35
2 55
86 145
63 189
90 116
4 160
124 139
12 132
121 180
76 80
43 151
52 59
63 67
10 113
43 62
55 73
113 168
180 194
24 175
59 73
54 98
64 160
31 163
76 170
90 136
77 105
85 178
46 91
45 92
91 133
98 184
115 136
13 83
2 130
7 147
13 77
58 171
21 163
45 57
40 132
64 134
71 136
31 131
112 171
103 173
2 121
66 137
66 113
67 172
15 182
2 85
110 133
169 178
5 118
87 129
59 130
20 80
130 190
88 170
58 78
4 24
8 37
57 134
113 116
43 71
75 200
138 189
40 181
42 54
123 199
12 27
41 96
24 71
22 108
54 93
57 184
47 180
110 158
3 8
120 161
105 180
81 169
60 109
30 73
4 58
76 172
146 173
39 200
120 151
117 123
59 71
104 187
70 186
80 91
22 91
56 88
66 79
127 161
36 173
59 200
58 167
2 148
161 197
135 167
100 149
2 160
4 66
56 151
2 92
191 199
17 179
115 176
97 190
109 158
162 194
117 161
85 142
5 169
46 131
9 120
23 128
109 156
8 28
82 193
5 49
116 148
51 114
4 150
148 182
12 192
114 124
9 110
83 148
67 96
23 136
74 127
142 164
75 179
118 169
10 170
148 156
7 139
13 171
21 92
33 144
89 106
14 158
8 41
90 124
59 106
34 50
105 162
66 144
156 197
7 23
134 196
99 124
124 173
8 18
100 150
4 17
38 44
95 137
84 174
2 107
19 176
2 187
43 184
78 146
121 156
82 107
43 155
80 152
174 197
36 171
63 171
57 158
50 161
51 146
13 101
65 131
7 138
85 140
131 163
62 89
25 41
83 174
128 159
9 135
22 117
77 174
52 157
108 126
19 166
30 122
155 195
38 178
17 95
98 115
64 68
33 60
99 166
10 63
8 66
60 155
66 127
35 175
133 135
31 152
44 189
99 182
14 166
6 95
65 100
11 40
4 104
16 123
150 190
21 77
133 148
46 100
2 101
56 146
95 172
25 189
74 113
146 162
69 141
39 95
6 21
37 83
143 192
95 107
62 76
135 137
100 157
4 112
6 16
11 29
65 158
70 179
3 187
54 144
34 184
139 146
63 85
65 73
156 191
32 159
80 168
89 112
25 42
71 114
59 197
22 83
150 182
52 145
44 193
78 133
139 153
3 75
78 175
48 134
100 194
25 156
55 91
53 146
146 191
58 95
23 64
19 114
10 120
34 187
50 52
80 132
76 197
16 75
51 134
120 150
5 142
3 131
52 141
29 196
77 148
5 59
38 125
76 126
80 151
28 157
2 71
26 92
35 152
124 135
10 57
136 180
116 138
56 69
40 81
25 187
47 194
83 179
6 54
168 171
23 188
21 95
21 53
119 146
60 133
29 81
111 159
10 32
30 126
141 147
65 83
36 92
5 168
47 98
15 188
60 195
42 134
193 199
38 140
32 135
99 100
101 184
70 171
10 81
139 194
30 102
154 171
31 101
3 97
37 154
49 154
111 153
7 123
9 88
52 200
51 182
89 148
10 14
128 173
179 180
49 58
5 33
10 96
143 191
78 173
149 173
11 78
136 172
109 194
56 62
176 200
51 105
13 154
28 133
43 114
133 149
40 60
150 170
125 153
25 87
154 157
16 92
33 134
40 177
51 73
115 138
103 196
2 15
100 173
65 122
124 136
90 192
39 138
51 199
133 200
56 174
122 143
33 73
65 198
63 192
35 184
9 45
59 68
10 43
100 138
75 148
158 162
56 186
107 111
139 170
59 144
80 83
121 193
12 73
66 130
117 171
125 200
147 164
126 163
110 146
21 161
25 88
129 173
109 140
45 150
47 60
128 135
24 143
45 138
31 33
149 168
74 143
11 26
77 141
19 96
149 180
138 154
42 138
109 178
84 128
65 161
87 162
21 170
52 81
82 172
64 170
108 157
87 184
59 69
3 66
104 159
166 178
84 114
89 91
50 70
103 133
103 113
144 193
70 200
122 187
14 131
111 166
23 94
11 160
150 194
37 132
22 67
16 165
109 127
94 100
96 132
192 194
23 49
146 193
90 108
128 150
59 188
158 159
33 127
20 25
49 54
15 37
18 51
34 137
141 193
59 192
66 142
7 90
12 164
87 88
74 184
53 186
77 106
37 178
41 145
117 133
191 197
141 142
74 191
74 192
13 186
30 120
23 177
8 169
25 186
79 157
10 186
4 94
64 95
35 80
3 137
27 124
67 189
60 174
17 123
25 191
23 166
127 193
2 114
114 144
159 197
71 131
139 185
155 168
116 183
124 185
63 142
165 179
34 81
8 53
18 120
133 189
79 122
55 192
53 160
75 109
11 100
60 157
35 53
105 176
35 181
75 191
106 189
112 120
12 111
53 175
54 83
152 199
58 172
57 64
84 120
150 161
94 99
83 139
7 67
94 181
35 120
14 66
66 188
74 163
1 84
78 156
65 142
139 164
168 177
57 108
37 88
15 68
32 70
86 146
108 147
95 197
129 188
171 195
180 184
138 187
1 65
67 95
66 155
14 160
13 54
54 126
23 164
118 124
37 97
106 108
67 94
38 42
61 123
46 151
11 184
96 118
105 130
53 81
144 179
16 107
113 146
29 136
9 90
103 148
2 157
114 179
3 16
35 46
102 189
89 121
121 169
3 169
72 147
58 90
76 158
85 185
72 178
19 185
187 198
129 145
38 151
129 174
69 87
138 162
58 76
97 105
84 113
108 159
3 141
9 86
165 191
146 168
106 114
3 112
54 154
128 151
42 167
58 158
142 178
16 18
61 163
69 132
26 156
33 71
42 71
76 122
9 147
10 182
21 159
30 63
36 183
130 164
34 53
38 40
21 23
47 164
84 175
8 9
41 93
81 189
148 174
83 161
55 58
72 112
75 90
18 39
17 62
116 174
33 72
173 180
115 140
21 72
14 126
34 118
162 185
18 141
31 127
72 176
128 170
105 146
91 161
110 188
21 100
86 187
41 162
27 92
125 165
25 83
35 124
169 174
53 102
19 68
8 166
66 173
46 139
100 151
23 150
45 180
104 164
87 93
14 127
72 121
19 132
1 138
34 150
79 177
4 198
73 91
70 77
191 195
79 194
33 96
56 65
102 165
84 99
142 147
105 119
7 121
16 111
3 181
102 137
120 176
116 132
84 107
61 171
64 96
38 70
65 69
87 198
70 157
53 184
1 129
36 170
30 86
168 175
58 93
27 100
131 187
132 149
45 88
36 179
46 83
67 97
21 113
106 163
163 166
112 119
4 72
29 86
13 130
95 120
7 83
70 111
8 148
1 54
93 146
77 127
111 198
115 141
52 92
121 130
5 70
8 172
75 167
77 102
86 164
71 117
50 125
89 186
1 110
47 163
33 74
151 162
95 159
73 78
169 191
25 184
44 140
52 66
3 82
12 91
33 164
84 108
66 85
102 123
28 99
164 196
40 48
33 67
30 67
52 173
11 60
5 123
152 198
35 161
81 178
23 50
45 167
176 182
62 158
78 131
46 52
28 131
49 93
54 70
132 138
51 191
25 67
154 160
99 145
141 183
66 122
166 176
26 136
94 180
53 73
45 189
46 117
34 49
62 122
74 199
94 130
153 192
124 180
31 126
132 170
99 155
23 37
178 179
163 169
109 182
5 106
50 111
182 188
45 166
23 158
31 79
35 59
17 33
14 135
22 40
92 153
27 60
22 73
1 14
46 92
7 185
19 59
37 186
137 188
48 129
89 165
7 68
105 182
91 128
166 187
122 144
121 183
9 14
39 133
116 185
3 115
156 163
54 115
97 106
40 118
70 156
69 153
94 148
14 39
58 194
14 98
172 193
37 69
32 33
54 94
102 145
87 112
14 159
61 77
38 136
103 176
43 173
31 129
47 48
68 198
32 52
63 141
123 166
61 131
111 118
9 125
51 196
20 120
20 108
55 177
97 186
55 67
29 159
32 194
5 60
15 200
9 79
73 126
20 198
32 83
84 179
86 177
107 162
48 125
91 141
82 148
57 182
111 193
67 103
118 126
54 199
78 181
186 195
118 168
129 187
98 177
52 185
110 141
120 148
16 153
106 172
80 192
2 198
110 161
25 180
148 189
51 57
75 155
69 196
131 150
45 174
8 157
188 200
94 125
21 141
70 155
20 138
122 196
155 167
20 150
189 200
49 135
38 186
47 156
74 91
151 184
87 110
21 63
77 113
50 160
26 105
159 176
101 121
89 180
10 149
141 184
147 155
10 62
133 143
71 102
113 134
148 151
120 132
27 41
36 76
68 104
100 176
79 96
99 172
37 175
12 136
21 70
16 118
65 152
163 185
67 155
42 186
57 113
81 112
36 188
67 185
11 66
5 186
27 97
63 123
26 109
38 176
64 142
37 102
32 114
52 54
72 113
175 194
54 86
15 105
36 130
77 158
71 122
17 50
64 191
144 160
84 98
31 57
5 165
67 105
94 196
131 161
16 120
46 183
8 52
136 137
19 56
21 157
18 102
19 98
76 195
35 57
12 95
53 100
10 50
19 43
21 52
17 87
7 31
22 55
104 110
109 155
85 150
37 166
55 184
65 120
5 137
46 166
90 163
143 189
81 176
164 175
61 198
91 137
40 100
31 148
45 82
129 181
118 128
164 183
32 175
126 164
1 178
8 40
113 187
34 179
44 104
156 159
37 38
146 180
13 123
77 191
79 146
113 125
156 174
115 194
76 191
120 175
83 162
48 181
3 58
93 165
15 36
2 12
27 83
86 160
46 70
146 182
3 192
73 96
140 165
52 121
155 193
51 184
81 152
171 192
66 99
83 181
120 154
27 157
83 155
9 143
133 145
3 134
119 186
44 65
26 63
154 200
30 182
87 157
9 195
153 167
63 136
79 152
54 143
95 161
37 63
56 81
168 193
196 199
40 175
79 135
60 140
131 164
28 147
145 189
10 47
91 195
146 185
115 163
16 131
57 190
39 69
157 193
17 60
11 50
111 133
113 155
1 154
28 62
90 127
174 182
8 39
24 182
133 194
66 90
64 117
107 163
156 180
119 127
41 194
27 102
40 155
178 180
124 170
186 196
23 80
194 199
30 54
135 173
39 193
38 48
6 8
48 158
23 65
52 176
51 171
69 76
50 61
51 197
55 81
70 105
76 183
22 48
195 196
19 151
178 198
40 59
164 195
126 131
104 134
55 97
11 95
33 39
47 78
18 72
91 142
17 91
81 96
84 187
17 129
41 179
5 47
86 182
31 82
129 162
44 135
43 183
167 177
121 138
63 71
8 175
87 106
142 162
22 157
128 142
87 158
49 152
94 98
4 187
42 184
24 158
45 49
84 124
133 191
97 128
34 46
56 175
10 126
12 106
98 178
96 166
27 138
131 180
85 188
33 192
23 42
37 196
63 88
161 165
18 171
132 162
39 97
48 56
33 42
62 197
39 176
178 188
2 19
64 145
21 200
8 149
177 197
27 80
13 19
29 56
46 152
67 162
75 81
131 176
22 125
31 63
65 78
42 128
45 146
58 198
29 131
36 159
20 114
135 164
65 117
7 37
71 74
35 102
104 129
5 15
5 166
103 184
147 174
46 180
29 127
88 120
26 135
94 131
129 182
48 117
38 78
2 68
39 105
61 181
120 142
6 86
44 58
145 146
8 23
57 165
39 172
123 156
13 165
58 176
115 174
49 83
64 198
129 183
41 94
46 61
42 156
100 163
47 170
9 93
76 142
44 112
124 184
58 175
19 148
11 181
49 78
68 88
33 36
41 97
79 85
12 72
42 122
32 92
87 95
10 67
159 185
24 48
56 130
112 195
16 197
127 166
92 114
78 80
34 163
43 63
133 142
62 163
27 105
42 79
65 118
8 110
173 188
37 159
17 39
45 173
77 147
33 38
67 139
41 193
20 170
115 186
23 195
1 47
4 84
103 124
19 140
136 146
81 97
74 122
79 179
41 120
29 66
12 38
48 51
36 115
99 164
159 183
40 135
47 141
19 46
14 29
56 98
83 146
27 155
175 189
78 161
76 194
95 116
29 162
86 199
79 181
132 148
100 117
62 171
19 152
14 16
80 197
130 132
114 153
17 198
15 58
72 118
69 99
83 164
189 196
18 103
163 178
86 193
2 112
65 104
44 147
74 170
22 71
71 98
90 182
97 193
8 46
65 107
62 149
70 163
44 77
5 127
4 67
36 160
138 196
21 94
51 129
83 170
39 178
38 60
45 161
117 130
163 170
125 150
8 86
39 167
158 192
150 180
94 123
64 129
33 138
3 195
57 139
123 167
11 56
91 180
104 113
35 36
78 159
22 53
55 129
59 104
77 95
98 189
48 55
24 191
3 12
60 167
86 172
34 185
128 189
119 135
153 168
28 75
5 73
60 106
81 161
63 78
98 194
16 140
80 103
124 128
44 121
67 174
84 185
126 134
10 178
12 191
106 139
61 100
41 128
73 179
112 179
137 162
8 31
65 183
43 53
114 178
79 133
3 133
54 73
78 99
109 120
104 109
56 80
70 197
72 198
100 132
64 99
1 190
14 37
119 126
33 45
116 144
59 195
6 33
95 145
148 164
65 89
59 175
2 67
79 187
68 117
81 167
173 197
67 113
13 169
9 72
28 162
77 85
56 86
21 60
161 193
15 198
22 42
12 193
58 109
3 142
45 164
76 106
62 144
3 132
9 31
45 170
109 150
9 97
16 156
171 199
179 191
131 149
65 173
42 135
9 127
28 71
62 138
71 103
81 125
106 138
70 87
1 141
154 168
136 189
18 179
101 110
54 159
34 67
32 186
1 100
72 75
13 104
57 79
50 177
97 176
48 92
41 158
38 95
47 87
17 65
95 191
64 130
92 169
88 129
91 179
91 96
103 114
170 176
13 177
54 161
35 135
135 174
101 161
27 96
104 182
47 104
131 139
36 156
29 140
58 154
26 162
47 68
104 154
80 98
52 170
7 111
10 174
1 109
30 113
146 170
43 46
32 94
14 140
50 170
47 123
104 173
4 57
77 175
7 155
67 182
10 84
32 97
10 24
46 109
13 193
94 146
58 191
48 57
30 133
140 144
29 111
165 188
83 92
42 47
135 165
13 147
29 153
91 176
18 52
91 112
148 199
94 168
74 115
91 146
127 191
69 158
1 96
141 174
103 152
85 158
16 125
95 192
114 172
138 143
114 173
46 87
154 156
37 176
131 162
115 184
100 186
1 135
18 168
12 145
58 96
38 72
83 157
6 66
27 98
136 191
18 79
66 186
28 141
4 54
21 33
15 95
94 155
16 70
60 114
143 164
160 181
160 175
85 162
33 85
26 85
71 194
1 48
143 186
40 77
84 102
57 153
25 39
166 173
99 162
185 189
105 197
21 22
40 139
26 181
59 168
96 153
14 110
102 156
53 182
165 196
6 71
76 185
110 136
21 57
153 186
50 130
133 199
48 178
116 164
38 158
127 128
11 119
4 55
48 96
81 105
106 175
37 105
175 196
15 157
71 192
59 105
97 138
32 109
2 52
121 162
6 125
96 144
3 18
89 169
107 114
45 200
179 182
113 128
51 141
87 136
78 138
2 167
30 80
159 188
66 194
88 115
4 74
6 37
97 140
113 124
165 194
103 172
19 53
119 185
70 93
144 153
27 29
51 98
71 85
87 117
111 199
37 44
35 132
141 186
45 111
100 141
40 47
114 139
7 59
38 134
144 175
3 73
107 120
20 193
40 151
146 195
46 171
119 125
104 145
114 150
126 143
10 33
3 49
148 184
22 100
125 151
55 162
49 150
62 86
95 199
86 96
50 196
17 46
12 148
24 99
32 155
96 148
79 143
95 114
1 66
28 195
8 153
151 165
136 182
81 136
104 193
4 181
18 36
139 175
30 174
18 92
29 177
70 182
27 101
112 126
97 125
46 175
30 155
72 119
8 81
44 64
11 52
55 147
52 155
140 148
1 88
112 188
54 148
28 169
167 199
127 168
10 90
64 181
62 129
148 186
19 72
65 103
66 105
76 125
130 162
6 15
32 177
80 146
139 148
32 120
59 65
49 149
44 174
27 109
118 174
2 66
21 84
72 144
4 87
49 162
17 89
97 182
37 76
53 70
112 158
54 81
115 191
97 155
63 83
57 74
117 188
87 169
70 72
32 192
163 183
52 68
128 187
36 62
104 180
88 97
47 105
107 184
102 155
16 136
17 101
4 114
26 179
111 164
6 198
32 125
63 72
14 162
13 120
120 194
50 68
46 148
105 191
96 116
88 113
69 194
51 188
64 148
71 86
66 74
72 74
12 66
114 193
31 120
43 55
72 139
24 98
47 195
68 161
6 186
23 63
134 198
174 180
28 124
153 166
12 50
23 66
44 194
141 182
112 137
8 125
146 153
130 166
56 79
11 77
16 59
96 169
98 169
123 196
85 141
139 151
116 133
87 116
77 114
55 112
170 200
22 49
17 151
17 146
17 57
93 181
37 151
62 91
23 133
107 166
117 175
17 140
90 186
76 77
87 188
152 157
119 132
115 125
128 195
13 131
22 162
78 105
30 84
75 196
29 101
24 117
91 105
82 190
11 143
58 77
26 126
166 182
36 56
46 146
37 87
14 43
14 56
14 150
3 143
63 187
168 178
34 93
148 178
129 147
32 88
77 190
153 191
21 55
51 123
61 107
2 34
43 94
98 186
68 162
105 144
80 119
112 170
24 184
74 78
144 186
67 152
38 100
144 197
86 114
4 22
63 137
51 91
146 175
110 122
64 178
50 100
33 160
83 100
70 135
27 91
98 108
44 182
115 132
105 115
3 72
154 158
26 177
25 76
59 61
34 148
171 172
54 147
59 75
29 31
7 27
22 166
36 87
12 154
111 183
33 112
59 155
18 165
90 151
43 176
12 82
117 184
90 143
8 91
105 186
93 174
20 162
34 113
3 22
97 147
38 63
41 185
104 189
76 156
1 128
156 161
5 71
35 174
52 84
18 82
1 35
44 150
116 134
141 149
67 144
120 174
8 33
16 124
12 195
8 152
27 112
38 148
88 136
110 149
74 178
88 125
20 168
142 146
29 63
38 41
85 155
25 114
73 140
98 154
127 187
76 117
17 199
74 79
17 139
127 165
34 38
96 146
30 95
16 104
63 191
27 153
9 76
39 118
102 178
113 137
174 199
149 185
4 16
16 108
2 179
42 151
155 174
55 169
57 95
172 173
129 130
125 128
84 103
64 132
173 194
49 107
11 47
56 191
122 142
92 181
9 63
73 166
36 40
7 175
102 140
35 150
20 100
24 27
87 176
24 103
134 135
118 152
167 191
29 133
125 169
30 129
24 134
42 85
106 145
41 75
85 91
114 159
73 185
93 119
88 200
65 84
53 191
45 195
25 49
129 157
50 79
52 122
48 139
50 57
14 33
7 130
158 174
60 74
57 166
60 121
59 156
102 168
116 161
12 143
71 110
37 149
9 59
87 134
3 139
8 136
155 186
35 90
63 115
9 25
101 197
2 46
77 152
45 119
29 185
49 158
77 103
57 136
7 35
137 192
100 164
43 109
89 200
18 19
5 32
17 79
97 112
49 188
62 71
106 167
54 137
32 82
59 135
94 119
13 50
85 118
37 120
73 148
147 175
157 171
74 171
49 148
92 164
138 199
104 122
83 111
7 137
116 198
96 192
3 28
93 120
2 177
36 166
5 193
120 192
46 186
92 180
30 115
63 98
10 100
116 153
181 190
5 112
118 188
14 62
177 190
38 168
102 158
41 140
159 174
63 139
5 88
101 149
54 123
20 167
132 176
62 93
132 188
18 144
80 102
12 41
130 195
56 190
12 173
45 103
2 75
136 157
184 189
71 174
180 182
14 169
15 61
58 83
36 152
44 158
117 172
15 117
124 158
119 167
55 195
170 188
18 118
121 184
22 61
65 170
40 173
77 125
71 120
49 151
51 81
180 191
105 148
27 113
22 167
49 61
55 108
134 190
91 93
16 115
74 100
35 177
90 96
88 91
31 74
13 52
129 190
8 173
87 163
94 187
50 165
71 99
22 106
67 71
59 166
24 97
13 60
1 136
97 180
47 106
18 160
57 94
53 195
103 109
21 131
54 61
8 168
171 194
40 98
117 152
64 116
123 142
65 182
133 198
173 199
97 158
176 177
101 148
91 198
10 160
29 33
84 105
45 183
148 154
20 22
20 92
5 86
83 109
22 65
92 146
22 120
51 162
94 195
81 110
86 125
148 179
62 142
121 196
174 196
9 148
89 97
57 199
142 154
7 91
158 168
98 182
72 169
100 127
64 115
90 197
30 55
28 29
64 194
68 113
115 149
143 173
92 106
85 164
4 180
57 80
105 193
84 194
117 149
73 128
24 62
12 141
90 118
43 97
65 94
31 130
119 148
72 93
162 192
52 55
99 184
127 135
17 194
122 165
12 35
50 137
144 183
97 149
123 161
31 86
16 127
45 193
35 95
60 159
136 155
73 95
139 186
51 190
105 188
154 179
33 66
34 172
48 76
20 172
25 98
20 146
17 37
64 161
50 144
74 164
130 173
97 172
185 192
105 132
41 51
40 88
95 138
156 199
5 154
180 189
140 183
88 147
46 141
56 63
23 78
20 143
139 152
39 145
38 198
6 74
31 177
28 166
26 163
100 168
107 147
149 161
107 176
37 116
39 166
169 192
1 103
103 200
56 95
85 160
18 132
128 154
43 131
19 24
162 186
67 80
79 141
84 122
7 167
109 177
38 92
180 193
2 65
28 128
14 69
64 102
22 165
102 180
5 109
14 54
35 167
53 104
114 169
26 102
143 161
60 185
136 190
83 133
6 175
90 125
52 80
83 131
55 180
103 180
78 180
84 149
12 54
35 98
130 191
3 150
2 20
134 161
135 146
128 197
154 195
105 170
3 33
36 99
34 48
117 180
65 151
27 199
39 153
7 103
174 178
6 135
16 117
80 141
95 200
81 156
53 154
30 109
139 167
12 151
72 98
54 101
109 164
8 34
135 159
43 110
132 187
48 49
125 171
3 6
152 168
79 176
37 144
69 119
44 85
17 75
32 45
27 179
7 72
138 179
181 187
98 124
117 124
41 178
139 176
8 198
6 149
19 181
43 129
2 41
30 195
66 181
177 182
111 152
71 112
101 102
119 179
55 157
140 184
29 37
7 76
35 93
17 30
27 107
82 159
56 76
118 167
5 162
119 123
63 89
131 160
67 74
26 174
50 106
14 172
40 107
103 126
98 134
42 111
15 71
110 123
21 41
11 85
95 180
133 160
95 158
167 187
12 76
2 84
152 156
86 169
130 174
95 152
83 185
4 70
45 75
29 43
151 199
27 95
30 91
76 130
37 153
16 198
26 57
134 176
46 47
186 188
18 197
149 153
129 192
14 165
52 107
52 70
78 88
61 113
1 99
17 150
38 58
26 147
13 103
2 161
101 109
16 173
95 186
77 120
11 148
25 155
196 198
31 136
25 95
62 188
43 140
131 137
31 34
142 186
38 200
2 57
85 105
29 198
116 151
53 62
27 191
150 173
172 194
50 132
19 199
66 169
84 161
30 89
15 42
9 21
77 118
36 134
118 148
67 190
86 107
146 172
60 187
19 142
11 130
55 64
101 166
53 72
184 194
28 115
88 196
68 150
32 136
77 171
3 43
14 112
86 109
43 191
106 159
108 166
34 174
34 98
163 194
122 135
95 128
78 182
107 194
136 179
156 193
40 86
48 106
107 127
32 118
32 81
25 110
125 193
108 152
55 172
153 175
45 132
13 159
29 160
5 173
119 130
29 64
40 167
26 167
80 100
17 149
100 191
67 183
36 164
90 188
19 119
77 166
3 126
86 126
50 51
30 108
111 173
160 171
68 153
74 97
5 101
129 139
60 147
173 187
107 142
97 117
8 99
5 177
61 197
179 183
106 180
70 78
76 111
22 58
52 161
92 127
20 123
126 155
94 115
47 158
21 147
40 124
12 194
185 199
45 47
43 165
176 181
23 140
34 80
146 147
73 200
1 62
135 160
7 156
10 45
38 180
18 75
101 108
31 107
26 34
8 42
60 85
172 190
42 98
118 181
19 138
36 63
56 154
69 122
131 172
96 136
102 198
71 156
116 180
153 180
7 151
24 111
59 133
34 42
2 173
35 156
35 91
164 189
3 50
53 66
33 52
58 116
13 38
114 122
50 71
154 188
20 40
12 130
17 32
124 125
23 190
95 101
47 115
57 187
172 187
99 171
56 193
94 157
56 179
65 159
52 88
29 38
68 111
6 10
59 161
152 196
42 65
126 162
80 112
56 134
137 190
16 77
61 170
76 109
13 119
74 177
163 184
118 136
13 133
10 132
1 53
104 125
58 150
7 108
20 77
15 125
64 172
14 146
70 154
69 160
99 190
70 109
11 121
1 187
110 152
107 186
50 142
82 167
127 129
82 164
122 200
85 122
3 74
13 29
79 123
81 149
108 150
102 191
83 167
12 152
69 166
163 189
53 120
33 196
82 127
19 55
32 157
61 167
30 199
42 132
68 75
6 98
12 33
58 86
127 155
68 125
89 131
59 102
127 171
173 185
22 69
84 93
91 148
105 179
102 196
85 108
124 156
113 188
65 91
25 82
59 196
143 178
38 80
37 192
25 30
33 193
21 82
66 95
21 172
15 192
29 175
24 132
1 153
115 155
112 124
58 180
72 172
66 131
37 172
25 161
28 94
56 172
42 126
28 40
32 172
93 116
8 55
49 181
64 147
28 158
49 74
165 187
47 152
28 149
119 174
141 190
46 124
87 133
66 138
57 172
8 171
163 175
20 155
45 144
49 138
84 142
5 119
99 160
98 141
178 186
27 154
62 121
81 139
29 169
159 179
79 175
3 70
89 110
167 168
129 132
10 139
66 134
65 96
93 114
178 195
80 84
145 197
91 158
119 165
38 196
19 85
32 197
122 170
123 149
16 42
73 133
28 146
185 194
27 141
164 176
48 100
95 105
19 74
57 101
158 197
20 151
129 146
15 84
100 165
147 162
86 101
91 186
3 93
151 192
64 141
103 193
111 170
132 172
26 186
111 150
34 188
81 116
129 136
144 171
14 141
73 164
2 116
69 185
27 31
130 142
28 113
91 147
72 190
86 102
7 199
49 133
130 153
66 69
28 139
41 142
166 167
97 98
8 101
43 66
88 126
88 101
40 123
34 75
6 112
23 108
69 115
68 92
54 140
92 193
86 156
94 107
72 151
90 157
99 140
81 185
13 64
41 102
20 135
45 176
69 124
65 135
107 141
35 104
5 34
144 166
4 56
35 131
43 179
101 112
74 130
25 171
31 158
57 200
4 141
36 86
37 191
178 187
49 117
51 136
21 185
112 196
161 173
19 27
4 129
100 145
56 161
48 157
81 109
85 131
62 75
75 192
7 127
65 149
30 192
3 110
59 96
2 28
69 148
21 45
57 152
70 89
32 195
72 165
52 148
86 165
142 193
132 150
80 108
11 173
26 120
102 164
140 166
99 113
166 185
120 143
163 196
29 94
53 194
10 79
27 52
101 104
29 161
69 188
142 197
11 27
75 135
20 111
134 151
128 190
57 62
18 128
1 117
69 154
21 138
30 140
1 193
25 148
50 162
69 175
82 118
68 177
79 195
25 193
10 29
34 135
28 185
32 165
100 156
172 192
140 159
63 193
2 86
165 171
133 190
39 71
112 143
64 193
41 61
83 160
27 147
35 116
51 75
34 60
42 123
41 49
83 143
22 156
6 155
111 154
91 107
39 48
166 191
110 177
79 180
52 103
142 199
52 99
47 121
30 161
80 111
49 183
32 196
26 183
129 170
122 175
152 160
13 31
24 176
9 95
11 54
95 103
150 167
124 186
45 71
118 120
51 153
159 168
88 106
34 143
114 170
166 196
115 144
157 185
21 175
15 155
48 116
80 87
123 193
153 188
97 118
28 57
95 119
22 180
10 105
24 199
66 115
22 80
36 113
125 148
104 127
47 116
121 168
42 43
60 137
39 87
136 164
108 198
62 162
34 105
9 18
37 161
96 194
41 115
98 102
57 174
91 95
51 101
50 147
98 129
7 48
40 85
22 127
5 53
93 110
23 181
32 178
28 49
1 125
7 116
1 69
18 105
41 83
166 174
1 76
53 67
80 81
37 125
18 110
139 142
3 35
82 139
1 36
53 161
38 77
21 115
52 97
25 81
49 79
33 131
83 178
48 113
37 128
73 189
43 87
96 196
53 193
56 157
28 190
61 67
12 159
34 139
41 129
35 40
15 66
51 66
9 177
9 73
99 196
38 43
99 192
132 157
99 111
72 107
134 160
93 136
40 138
22 109
59 82
124 177
74 92
39 156
11 17
25 168
36 191
20 78
51 177
6 31
53 135
75 114
157 167
74 107
173 174
2 16
47 65
56 72
19 32
22 27
7 85
77 99
160 193
57 149
85 182
28 117
20 140
67 108
116 173
111 158
46 157
72 134
18 184
43 156
10 102
89 146
95 141
1 188
152 195
156 200
1 121
11 133
77 92
93 138
70 150
48 80
17 105
18 43
3 130
52 142
33 119
167 192
114 146
9 190
155 173
119 195
82 144
58 140
52 190
32 96
144 159
39 195
48 179
18 145
31 58
12 182
6 89
158 187
56 82
24 141
91 199
146 163
54 121
20 191
143 175
124 198
47 57
72 179
76 182
34 145
22 93
8 76
184 187
76 184
21 121
21 44
88 124
101 122
89 199
3 162
95 132
112 148
20 121
57 150
38 99
24 54
174 186
2 197
145 157
59 63
126 130
51 53
40 152
23 141
66 163
160 185
80 193
185 193
10 59
40 94
22 37
95 113
47 175
5 61
117 141
7 86
36 185
58 125
179 188
17 70
43 91
9 164
13 67
18 188
101 136
63 153
91 172
77 170
82 89
4 37
91 194
174 194
9 60
57 122
68 190
93 123
54 107
3 90
128 162
148 173
133 167
98 116
53 89
137 140
63 110
157 166
53 199
8 109
126 156
45 133
42 145
88 105
107 137
136 168
53 58
90 130
83 191
24 198
43 133
111 140
93 109
46 73
72 159
118 158
53 190
21 183
77 115
58 79
71 161
50 148
7 47
128 177
21 110
96 106
38 62
80 164
53 140
29 174
38 114
32 149
87 135
106 124
117 147
122 168
48 65
4 151
41 171
75 87
2 166
73 197
74 182
169 170
15 34
44 127
31 188
43 172
75 84
3 64
44 87
81 172
9 32
75 145
6 200
20 187
161 191
86 163
34 90
53 87
68 100
3 179
21 87
50 102
88 169
35 183
55 104
25 196
106 126
110 138
147 171
10 130
88 150
56 167
118 194
86 149
109 116
111 197
5 45
63 64
80 157
154 190
41 42
86 147
137 196
87 131
64 187
10 65
65 140
39 113
80 167
3 119
68 140
107 173
144 181
65 197
158 200
193 196
73 199
42 194
11 153
1 108
32 199
122 124
43 162
21 195
35 58
98 175
128 137
76 78
20 56
90 100
141 154
14 50
128 193
73 142
54 171
11 144
32 193
101 106
84 126
21 177
127 136
105 199
37 99
62 160
45 178
70 199
56 87
91 145
46 192
89 98
164 181
11 170
124 138
63 175
35 146
18 111
30 124
18 147
2 11
103 122
97 99
123 140
47 82
14 28
164 172
66 150
57 117
61 125
19 22
55 89
174 189
61 160
37 134
123 174
70 114
94 149
137 179
31 135
29 39
18 58
164 199
17 29
67 124
26 94
134 143
1 182
28 76
4 154
9 134
162 193
116 149
174 188
19 100
139 169
103 112
166 186
108 111
6 100
61 112
6 94
111 182
4 26
122 156
3 37
39 114
66 73
40 156
53 200
141 196
15 21
59 108
18 90
38 51
124 194
32 106
61 64
78 96
14 191
117 140
5 80
172 186
171 187
6 82
4 200
71 96
40 121
28 177
7 104
89 154
95 96
189 198
58 173
103 164
26 187
24 34
13 62
85 170
119 144
73 163
182 192
106 183
13 25
68 97
122 158
65 70
9 98
82 198
113 200
62 175
30 185
71 164
82 87
53 88
6 14
76 165
63 129
71 119
109 166
106 130
173 182
79 92
137 185
3 92
145 184
142 155
144 164
55 106
52 69
1 134
158 176
64 179
52 186
32 46
153 165
3 184
85 179
9 157
51 77
104 169
150 195
125 162
1 57
21 189
4 131
153 178
27 44
157 178
62 187
26 152
63 82
83 104
78 85
9 186
133 154
13 86
30 76
90 112
82 195
66 199
153 171
109 157
4 101
103 155
16 94
9 47
150 193
17 88
129 198
189 195
62 143
163 168
83 116
11 33
24 91
79 104
5 175
72 126
43 196
8 94
17 153
115 122
33 47
13 105
91 144
120 186
95 187
16 128
4 88
124 163
36 67
25 129
22 110
1 8
33 48
25 158
86 138
83 88
44 74
19 25
56 104
52 151
30 71
159 162
11 189
24 32
102 132
19 125
54 91
58 195
104 185
61 101
17 178
134 140
47 151
92 159
61 105
110 174
135 184
26 80
50 188
56 150
39 73
29 120
71 183
9 187
4 83
29 67
47 168
36 74
15 104
119 138
85 174
79 119
54 104
32 89
23 99
149 159
135 197
121 151
12 29
12 119
168 169
156 189
16 63
2 83
5 48
145 187
160 196
4 31
122 163
112 153
40 50
123 180
67 100
93 179
23 126
46 165
61 186
19 93
11 196
84 116
4 172
125 134
184 190
116 143
2 184
32 91
5 143
44 145
87 160
111 132
50 164
16 58
136 192
34 140
60 131
18 180
9 51
120 156
73 87
74 173
88 133
58 131
43 44
2 36
80 188
20 119
73 88
19 113
34 54
103 167
145 177
20 158
39 112
89 182
82 194
71 123
68 137
40 82
113 142
143 181
141 176
65 189
36 182
18 164
103 108
143 165
1 58
28 175
23 48
138 174
84 158
34 52
13 189
88 93
33 190
58 200
39 146
44 165
57 63
10 180
31 99
84 155
4 49
18 100
4 133
180 196
3 26
98 156
48 154
122 155
34 124
34 107
83 127
179 185
81 91
34 171
102 163
162 178
127 132
8 176
48 167
118 198
2 100
14 128
31 106
76 132
137 160
88 135
43 169
8 124
69 183
78 166
136 177
30 191
2 61
74 189
61 137
9 34
7 11
93 160
87 123
42 162
34 71
49 137
1 161
82 161
50 122
60 197
41 163
29 138
18 30
111 176
41 188
22 31
54 122
101 128
81 124
24 51
32 68
39 152
105 139
38 169
13 24
86 195
10 17
159 195
141 159
46 69
27 61
99 126
41 174
16 64
36 42
31 139
95 194
79 192
13 92
53 151
7 122
94 200
11 163
111 113
160 200
94 171
36 60
76 171
67 187
138 175
25 104
80 199
55 164
28 135
65 79
37 130
139 159
134 179
14 23
5 114
94 134
62 116
20 196
55 160
163 167
45 116
43 163
39 66
117 199
48 122
33 103
99 144
61 133
23 102
146 196
144 173
48 87
6 141
73 190
69 135
52 128
137 152
133 138
97 185
156 194
4 132
37 39
62 94
69 96
65 168
71 118
99 108
63 86
9 128
42 77
47 74
86 134
150 160
51 62
18 174
11 31
47 191
139 200
10 101
166 195
19 50
77 111
175 190
46 112
93 150
9 180
22 138
120 126
93 125
35 190
11 83
123 192
93 112
84 101
116 126
92 192
129 197
33 46
40 66
33 79
74 175
111 181
9 67
23 85
88 167
94 140
127 182
58 178
93 129
130 200
181 196
119 160
34 142
32 40
22 24
139 157
66 167
56 171
131 168
15 107
69 172
27 164
5 117
108 141
55 101
29 195
105 155
40 90
113 147
61 189
5 30
24 161
83 125
123 155
8 35
12 71
35 62
15 140
63 121
17 90
16 192
70 76
112 176
42 136
127 177
13 150
95 100
7 105
91 153
41 71
113 167
97 143
145 159
15 25
50 139
139 191
49 190
136 167
138 159
121 155
49 105
97 144
45 171
26 95
87 120
11 65
51 95
6 13
54 80
8 170
16 110
73 105
162 200
10 165
46 122
46 119
76 81
7 51
79 81
24 170
112 185
8 57
39 77
90 168
93 121
137 197
63 100
40 45
56 183
81 180
46 174
28 183
107 157
14 149
143 182
106 121
63 146
77 183
115 180
120 177
64 123
68 118
72 80
64 73
147 190
167 196
84 180
62 150
10 117
31 153
60 61
154 178
55 82
6 169
24 166
31 164
81 187
44 114
50 176
54 68
48 143
125 182
70 180
25 62
116 130
45 156
95 183
49 50
39 102
42 170
180 185
29 68
99 139
73 151
54 105
116 170
109 186
109 189
118 171
55 126
10 106
29 55
46 58
3 114
51 125
12 112
51 56
93 154
150 197
108 168
82 117
72 193
36 116
48 120
55 71
2 13
92 116
139 173
82 130
14 61
26 137
188 192
32 173
187 189
9 91
32 131
19 145
82 153
60 129
46 67
48 182
46 168
149 176
18 25
64 114
15 184
137 193
23 161
59 165
75 143
6 126
19 193
81 100
75 173
70 79
42 177
31 35
132 147
182 196
86 154
12 137
102 195
4 139
128 149
151 168
50 151
171 178
17 68
40 105
53 165
148 166
121 191
12 55
18 112
20 35
195 199
45 66
44 92
126 128
75 175
157 159
78 199
51 164
84 134
116 124
168 172
47 69
12 48
134 199
36 198
49 155
11 109
78 130
16 45
18 161
68 86
113 191
53 78
20 109
98 140
1 11
7 176
40 44
29 115
196 197
108 196
90 194
41 66
12 139
157 189
110 112
24 88
49 130
59 124
114 118
71 169
92 160
21 137
46 66
27 93
10 80
127 144
102 181
153 172
93 176
60 146
77 96
2 22
49 66
15 82
114 176
38 137
57 124
97 153
50 65
31 55
77 124
116 141
110 147
58 65
106 133
134 187
112 200
9 118
53 83
27 86
40 183
145 154
148 192
76 166
10 53
86 95
157 184
96 191
77 83
38 171
3 149
37 78
33 91
27 123
83 103
92 156
31 162
11 176
104 105
58 189
22 140
37 103
104 161
86 98
14 76
167 174
49 75
18 134
73 97
142 150
51 83
103 179
56 107
134 173
115 167
30 41
55 175
112 125
118 140
31 40
89 188
157 175
75 165
27 48
164 177
46 59
173 192
65 112
91 108
74 128
75 158
18 32
175 187
153 181
61 166
71 108
67 179
135 183
60 89
18 136
33 132
65 109
162 176
52 171
156 165
69 152
58 73
121 173
131 175
73 110
107 195
87 105
2 127
50 77
118 137
40 119
117 131
32 180
8 199
121 157
55 75
19 40
26 72
27 47
27 89
29 180
10 97
45 197
68 98
98 185
146 165
21 64
73 174
51 61
91 122
78 153
42 147
20 21
50 146
58 183
128 181
15 118
47 102
149 158
171 180
9 181
37 137
131 189
80 186
109 142
94 117
44 111
27 175
108 182
95 160
69 85
66 191
36 195
75 184
75 107
19 180
1 71
73 79
122 179
122 136
67 188
178 192
10 183
49 147
109 122
132 183
75 115
40 157
67 147
46 72
85 99
33 108
179 181
144 169
15 139
46 191
37 58
135 145
35 138
63 90
58 124
42 90
49 185
11 28
102 136
60 132
139 144
16 40
19 131
85 127
63 138
17 162
19 36
121 186
152 153
16 174
90 141
134 180
15 130
12 197
39 82
15 163
4 155
5 110
7 164
50 131
18 85
107 118
75 171
28 101
130 147
11 142
80 185
155 159
47 91
62 66
100 148
33 110
88 141
47 124
11 57
8 96
10 85
35 77
14 15
59 77
75 77
13 167
153 189
8 61
34 116
56 103
16 150
117 198
122 159
6 63
20 173
78 150
156 196
89 173
84 148
65 110
50 113
47 64
3 148
8 105
76 99
86 194
158 199
48 140
17 142
42 70
138 197
172 200
81 119
151 190
20 129
62 140
75 76
111 129
13 51
166 169
21 78
49 77
15 113
46 195
101 137
130 157
50 56
42 89
5 43
9 66
13 61
31 145
30 139
89 196
18 121
95 185
171 185
137 173
142 175
101 113
29 34
38 182
139 163
4 85
24 135
60 165
112 186
91 94
18 198
170 172
98 170
48 145
82 197
2 6
74 185
105 174
45 196
13 188
53 111
101 162
181 191
46 147
46 62
45 120
156 160
114 165
8 159
48 78
5 122
37 124
19 154
51 67
67 198
21 38
12 16
60 126
7 184
100 158
8 64
98 192
111 196
41 50
68 188
17 42
19 94
24 101
134 141
9 16
52 67
113 171
175 181
50 157
55 109
55 79
10 30
40 54
2 108
15 74
59 162
172 199
68 163
10 55
2 182
122 171
33 199
50 76
150 176
67 200
99 179
29 61
13 56
11 59
34 131
60 139
65 75
101 141
44 116
13 114
170 175
62 154
37 110
173 177
26 141
31 72
83 152
81 135
50 109
23 169
32 110
70 170
26 159
73 99
144 190
137 171
4 14
158 188
21 118
51 131
60 112
22 192
84 94
20 42
29 192
26 84
41 52
73 188
51 93
113 141
128 144
2 139
131 136
94 189
7 106
40 53
18 155
141 198
82 105
15 78
56 123
134 139
179 197
17 163
149 189
28 70
49 88
1 160
69 131
48 50
126 160
130 167
6 190
11 45
93 163
152 175
93 99
100 106
70 145
12 68
84 178
108 136
74 99
91 131
152 187
127 184
1 113
145 148
7 172
25 72
19 28
31 75
90 152
93 180
70 81
44 69
3 84
119 147
11 46
22 116
153 162
37 171
12 131
70 152
23 70
11 135
7 114
7 8
98 151
13 14
55 115
94 114
140 154
34 182
62 161
22 82
38 110
9 146
14 156
67 109
9 179
41 121
143 157
26 145
12 63
35 47
34 151
73 77
9 35
84 197
133 174
155 197
54 79
72 88
33 98
12 57
101 174
75 152
67 118
13 97
1 98
18 55
67 88
6 128
8 200
110 113
106 193
27 30
29 167
15 38
1 179
44 164
27 173
31 179
45 70
20 27
56 195
70 101
53 93
7 144
32 37
63 176
80 153
35 173
96 131
82 143
117 200
10 92
33 154
54 82
106 160
77 82
115 171
82 158
44 90
124 197
100 185
28 39
2 123
36 168
78 195
113 132
54 117
80 128
82 145
19 186
13 162
41 134
57 173
98 193
157 199
53 71
113 118
76 134
50 87
95 179
95 109
90 175
80 99
79 198
53 79
158 164
67 145
106 171
68 108
111 139
79 170
17 26
81 114
110 193
36 43
177 187
25 109
48 61
54 139
74 200
28 41
80 147
90 150
26 122
78 89
34 103
23 153
46 113
50 99
108 174
93 94
53 132
44 171
88 99
94 120
28 189
68 184
60 66
29 182
161 168
47 109
43 82
60 124
35 45
73 138
116 128
45 185
54 162
34 115
23 182
14 167
59 86
65 178
151 160
53 94
85 126
37 45
61 175
16 119
50 103
35 54
6 174
61 141
56 149
162 189
6 195
48 123
47 94
97 191
119 136
80 190
130 154
47 183
39 53
57 100
7 158
143 169
54 150
166 188
6 68
88 168
26 59
136 195
39 171
23 109
26 91
106 150
7 132
77 142
13 161
92 177
96 160
95 156
106 144
145 163
22 107
12 42
121 141
51 111
120 183
94 173
13 142
33 139
144 185
47 179
41 85
1 81
171 200
114 145
37 138
175 177
96 98
48 152
15 171
82 181
33 51
69 118
1 104
138 173
63 97
189 192
43 96
186 190
25 160
50 92
37 107
22 78
173 175
112 157
1 167
62 182
171 189
110 200
15 170
76 136
138 161
85 154
1 200
28 152
104 195
19 192
107 152
24 174
28 182
64 66
27 115
44 80
137 147
13 124
41 110
112 127
23 24
12 140
60 158
67 160
130 197
14 89
47 144
119 171
67 177
13 148
19 42
10 111
17 40
37 86
152 189
75 128
16 84
129 133
112 160
110 154
3 172
14 190
93 153
23 25
44 94
111 147
66 123
59 76
87 156
33 65
5 174
53 169
6 194
91 116
18 48
9 133
135 144
140 150
25 157
118 153
19 179
48 66
23 92
74 108
104 153
126 141
32 141
102 200
18 127
1 17
69 193
13 87
129 149
47 185
50 105
52 133
69 189
44 48
38 189
63 194
5 62
40 87
29 82
6 57
69 155
91 124
93 145
36 93
79 111
28 127
51 166
41 165
50 63
148 170
147 172
145 164
43 74
38 174
9 107
114 163
8 118
27 135
90 158
52 180
30 66
69 199
23 60
61 76
58 85
16 109
111 143
130 184
72 187
61 87
73 102
106 134
26 160
9 52
16 169
138 167
102 154
5 46
42 110
82 86
36 169
38 141
108 173
39 148
34 117
158 172
92 141
33 145
21 43
84 145
70 104
161 200
54 168
90 179
43 88
25 183
102 187
132 193
114 197
70 166
72 122
135 147
28 187
114 192
143 170
98 111
124 175
15 64
27 66
138 152
96 105
51 200
149 198
88 111
51 84
108 190
33 57
17 147
15 175
89 162
62 80
103 136
81 157
71 163
27 28
47 139
159 177
132 156
122 180
89 191
53 129
3 197
34 146
99 119
71 157
34 82
10 108
39 194
38 96
177 191
10 95
7 50
33 189
6 62
40 67
43 100
187 194
84 140
41 92
43 65
32 170
92 104
158 173
87 174
40 198
104 112
124 157
23 194
3 11
149 181
51 139
23 97
127 163
1 143
102 112
160 184
23 176
22 118
14 148
87 168
42 114
150 192
158 193
154 177
134 150
121 136
18 148
78 123
9 13
65 132
47 193
113 199
68 107
43 90
9 77
11 99
40 92
20 29
78 101
14 19
25 54
138 151
153 200
127 164
97 200
56 96
53 164
146 149
43 194
78 148
111 171
65 68
42 140
33 80
13 196
77 161
18 167
70 178
63 120
173 183
48 91
72 105
129 138
117 129
75 137
120 200
160 168
47 137
13 200
18 65
44 105
30 101
25 128
1 126
76 144
5 191
89 156
36 140
56 182
52 135
61 121
75 83
77 97
94 102
79 174
145 179
6 114
62 108
142 166
17 154
29 40
9 87
74 76
81 159
36 91
119 145
111 151
25 181
34 169
54 196
8 90
119 175
27 183
149 156
107 140
29 106
92 128
59 100
19 66
32 101
10 192
26 66
120 178
49 57
67 151
48 109
5 135
109 110
137 154
112 118
55 114
128 192
10 13
79 118
46 154
41 190
16 68
1 85
71 171
101 182
13 100
62 70
83 90
21 97
93 194
131 153
118 139
27 161
36 75
93 97
16 43
21 39
136 186
115 189
81 131
23 162
120 163
17 24
180 197
137 149
195 197
134 195
41 150
17 195
82 97
12 17
65 116
113 186
22 26
15 39
16 134
111 137
135 181
128 198
64 93
10 153
94 188
14 48
39 80
30 190
30 98
26 106
102 169
95 149
51 60
85 130
42 82
9 162
17 110
91 132
74 169
15 44
35 170
29 76
63 134
148 188
18 96
51 122
59 152
8 120
116 199
69 92
178 190
72 84
107 169
125 172
133 157
11 49
107 113
1 90
7 12
83 196
10 142
54 180
82 138
155 163
6 137
66 77
10 36
22 90
98 121
78 95
80 101
165 193
147 185
108 120
130 145
68 136
5 185
52 76
164 165
70 173
53 150
144 200
30 162
98 190
130 181
162 197
2 132
18 61
38 47
54 146
43 54
95 196
92 120
35 137
66 172
55 98
64 100
63 152
117 190
35 101
142 157
11 138
62 134
131 170
145 188
71 149
93 161
147 189
91 175
69 147
110 150
89 193
48 70
19 200
15 92
96 157
29 189
80 140
9 105
33 43
152 193
21 83
130 186
31 62
186 199
35 86
13 157
89 115
24 113
4 60
71 97
64 84
14 77
64 200
55 69
6 142
30 132
9 153
30 35
24 140
100 114
15 129
26 114
41 199
10 112
13 35
80 183
15 151
106 154
114 185
107 119
71 95
41 46
50 82
34 154
34 61
120 162
88 193
72 180
35 99
84 111
58 103
97 110
90 98
73 169
38 117
65 114
81 94
41 77
38 116
59 177
157 165
130 133
44 178
10 159
79 131
119 189
95 162
6 99
56 200
109 144
78 171
121 147
84 198
89 189
184 191
18 199
11 12
67 86
10 185
129 137
31 180
37 64
37 162
111 144
59 125
16 65
60 125
176 197
4 44
74 181
20 67
86 174
16 21
12 67
76 139
26 132
124 178
17 171
19 191
158 179
12 31
114 171
43 80
107 177
55 118
53 153
50 123
46 63
3 198
63 77
6 119
106 137
32 44
53 63
150 174
68 193
55 103
51 99
89 133
8 174
9 182
85 147
43 195
79 185
117 191
74 188
60 161
17 53
31 170
4 142
138 188
8 119
67 134
66 143
59 111
173 176
44 192
78 84
93 131
21 102
182 194
133 185
106 113
11 161
43 198
97 141
128 200
27 158
77 169
19 190
17 52
20 107
38 121
82 123
7 168
89 103
97 194
2 31
10 137
33 130
150 163
62 191
83 134
123 178
15 59
158 166
30 143
117 162
140 189
5 161
115 173
63 95
92 190
77 121
78 127
116 165
32 189
36 197
9 70
168 182
25 102
21 199
117 154
13 187
78 87
81 90
62 118
36 186
150 155
55 77
6 12
34 101
6 152
16 186
107 183
61 91
95 142
101 185
88 138
150 177
61 194
63 195
44 82
50 153
22 96
38 93
102 193
82 188
126 139
76 192
55 66
21 169
13 41
46 163
35 43
1 165
33 83
21 76
185 191
22 152
88 130
112 139
24 104
12 169
113 183
138 191
126 147
82 93
75 154
51 180
143 156
53 80
3 19
11 15
12 167
52 195
12 79
33 167
46 185
44 93
38 128
23 46
174 200
142 196
7 183
125 198
35 39
13 44
60 192
128 164
95 136
151 155
24 39
69 162
50 200
47 89
70 162
24 41
107 175
53 156
12 162
38 94
40 185
112 114
92 115
99 153
24 169
16 149
84 186
82 114
86 128
8 111
71 185
49 143
50 78
34 94
74 176
102 110
80 106
24 164
154 167
22 153
137 139
94 139
24 56
19 169
45 187
109 187
123 138
89 124
71 104
75 116
94 106
100 144
53 149
23 167
182 185
24 178
29 41
158 177
77 178
34 173
26 139
72 154
114 149
95 108
4 59
37 46
66 197
78 164
71 130
49 86
102 126
29 145
18 154
123 134
35 191
96 141
110 172
120 125
183 188
61 155
75 106
93 118
13 65
108 110
139 145
32 53
122 195
90 105
21 152
22 189
167 189
33 187
113 150
70 138
189 194
125 186
154 155
18 62
38 154
125 183
45 135
24 112
91 114
31 138
19 120
95 155
51 169
22 193
9 50
9 40
77 119
36 107
70 91
34 70
67 91
86 170
4 185
64 159
13 144
90 145
19 57
42 108
56 108
4 188
143 193
111 155
101 139
65 162
67 163
44 89
99 163
88 109
42 143
6 67
19 153
68 154
137 146
12 34
77 198
15 176
172 181
34 85
81 145
76 140
56 189
58 94
13 112
47 128
97 166
42 121
22 50
63 117
86 196
108 142
58 162
18 150
114 116
26 197
18 138
123 190
74 86
32 139
11 115
78 92
114 180
38 149
42 69
119 190
133 186
11 141
28 79
75 168
17 99
15 101
37 79
176 199
50 150
91 190
65 144
17 121
170 173
162 172
99 151
145 162
116 127
158 194
40 111
37 67
16 26
103 138
25 29
51 113
98 165
32 100
8 144
57 195
118 177
16 57
86 97
24 142
119 121
6 184
13 18
34 108
80 88
102 131
40 65
68 145
40 72
114 152
3 160
79 101
11 180
37 106
92 175
23 113
40 95
12 183
95 178
26 133
141 166
29 108
5 54
12 14
20 159
116 119
21 187
10 140
81 134
5 18
56 70
83 169
77 79
29 117
22 35
69 80
28 56
38 138
92 191
23 198
19 103
7 148
102 160
11 38
14 187
114 133
144 161
83 199
36 53
67 99
48 103
94 162
37 126
8 58
55 145
43 81
55 156
89 197
9 141
6 110
118 162
11 188
9 185
22 171
64 156
62 81
96 101
3 79
140 151
90 161
9 82
41 152
186 189
80 142
8 72
71 144
124 166
122 130
60 148
23 88
161 190
46 167
26 82
67 165
41 73
144 168
37 85
97 133
86 166
10 37
105 134
63 104
155 172
57 67
157 169
72 158
75 194
52 58
29 134
58 88
56 121
20 95
67 133
69 77
33 153
143 151
46 158
55 197
72 133
93 104
32 47
72 100
127 141
12 64
81 129
77 112
147 158
23 199
95 171
89 163
70 195
86 124
1 79
26 101
3 168
47 159
30 94
60 123
43 45
34 65
11 147
14 79
91 117
7 18
38 195
65 86
105 152
30 103
93 126
76 168
42 95
66 192
8 79
91 138
60 175
54 64
114 157
105 183
171 174
49 170
191 198
1 195
44 79
102 197
88 118
19 161
30 153
42 149
1 185
163 193
2 88
188 191
60 183
103 181
60 179
34 56
89 144
37 168
40 106
53 142
13 163
88 149
67 127
83 141
16 103
5 179
121 150
17 175
32 168
3 113
41 125
18 77
124 171
89 94
93 133
54 189
18 80
31 199
53 168
37 42
28 31
27 178
39 190
95 118
120 155
94 153
45 192
179 184
65 184
58 160
116 196
32 59
171 188
48 166
177 200
79 142
24 80
165 200
92 189
103 141
25 37
54 69
94 152
99 200
25 107
9 57
62 119
95 150
57 68
110 121
119 155
14 168
133 165
18 125
1 115
20 195
18 20
113 161
140 190
138 157
6 120
67 199
108 129
25 86
66 72
91 120
55 107
92 134
74 109
36 39
35 51
6 192
6 52
60 90
118 125
28 85
92 179
7 66
59 179
140 187
49 124
130 168
48 86
40 145
17 173
30 135
40 114
45 143
59 115
60 154
19 118
184 198
65 143
21 37
8 49
48 98
112 190
20 166
142 172
15 126
71 140
156 178
110 195
44 136
100 189
115 181
14 164
177 184
2 180
21 109
36 161
51 161
159 172
50 175
76 141
72 150
46 104
52 64
65 147
41 131
42 56
46 90
170 198
6 162
81 127
65 98
84 96
36 145
58 193
29 166
28 144
118 145
183 184
154 175
107 174
118 196
143 185
96 140
96 147
25 152
165 169
60 62
8 45
5 115
103 175
12 150
60 92
33 107
66 170
12 181
29 97
54 103
20 99
175 199
44 153
8 48
24 125
12 90
154 181
68 87
58 59
60 199
84 172
83 91
54 89
81 153
10 64
53 117
17 112
45 76
187 190
69 129
145 181
20 88
58 63
93 170
20 147
108 158
141 150
146 188
35 106
18 114
22 195
45 198
2 8
176 178
161 180
46 81
75 139
11 44
155 169
61 114
31 137
80 120
74 158
26 170
28 103
20 70
95 164
11 48
85 199
124 168
103 161
55 182
122 191
137 155
114 187
60 84
36 71
24 82
41 90
37 65
140 156
36 49
32 115
141 164
158 190
61 94
42 188
60 111
172 197
51 87
89 178
58 68
34 152
98 150
70 119
146 176
137 153
8 108
88 117
81 184
31 53
42 115
27 166
119 120
113 148
139 184
83 97
60 162
2 183
139 180
6 88
90 156
9 36
158 186
9 100
166 170
163 199
99 154
15 158
51 59
117 165
36 105
11 157
149 155
72 92
6 147
131 188
30 177
46 200
178 183
66 82
107 180
87 145
132 194
45 121
76 120
93 134
138 163
50 145
146 197
14 24
73 82
48 150
132 182
120 196
98 187
10 88
45 72
1 5
28 35
9 161
178 182
111 160
30 157
10 121
38 144
97 127
35 155
32 99
16 135
7 125
113 174
36 141
35 189
40 52
30 184
75 79
110 178
50 186
119 181
71 132
149 151
144 145
54 90
113 166
4 78
109 200
79 117
8 115
15 55
195 200
146 157
7 136
54 62
122 149
147 169
32 200
24 94
145 167
103 121
180 195
35 154
35 60
34 69
107 178
39 158
138 150
105 184
44 52
133 175
18 187
46 97
20 83
124 160
24 89
19 101
120 140
3 153
108 122
4 103
104 151
150 169
42 116
104 147
45 68
131 192
144 184
149 165
40 80
25 174
59 138
36 112
67 136
119 143
151 196
42 176
141 187
71 94
157 179
35 114
64 97
44 123
65 137
38 109
5 96
20 84
124 169
92 136
7 124
21 143
16 146
24 115
