48 839 44
-784 882 -656 438 41 269 -129 210 -728 -308 -469 -507 764 372 -924 961 -137 -6 179 -593 70 527 -564 802 648 906 993 -537 450 -57 -227 151 -263 -695 516 551 -525 506 731 -79 -807 -701 -400 469 214 131 409 -437
12 48
4 7
4 23
9 46
3 28
20 28
17 30
17 23
29 30
16 20
12 38
5 18
18 27
34 46
11 46
28 46
18 22
21 40
8 27
14 40
5 10
31 45
41 47
19 21
12 33
3 16
34 44
8 40
6 12
16 28
4 21
9 15
1 35
30 36
6 10
12 16
45 46
27 29
23 39
14 34
1 2
2 27
24 41
31 38
5 34
18 36
17 25
16 21
4 46
31 46
2 19
30 45
16 17
11 39
29 35
14 45
11 12
7 48
9 16
9 44
8 46
9 23
9 41
23 47
17 32
17 45
1 43
3 20
13 45
3 4
1 42
12 26
13 41
9 48
41 48
18 30
3 30
2 5
38 48
26 30
10 31
6 31
18 29
30 33
10 16
33 41
25 37
2 29
16 42
7 39
12 36
18 31
12 45
12 28
14 18
31 40
36 37
4 38
6 27
23 42
39 45
31 33
14 36
32 35
13 46
3 15
40 42
9 47
6 32
11 29
27 34
5 37
13 42
21 24
3 45
27 42
21 30
14 46
11 47
37 38
15 19
1 6
37 48
13 24
27 35
22 36
6 36
6 26
20 36
19 28
2 36
19 39
36 47
7 10
25 48
23 28
15 42
20 22
5 13
40 45
7 46
14 20
6 9
10 39
3 27
24 36
2 9
7 40
7 9
25 35
8 20
27 31
9 28
15 39
4 48
21 23
47 48
6 42
2 20
15 37
4 11
18 21
38 46
12 42
7 17
27 39
8 29
21 44
17 26
41 44
6 34
39 41
27 30
20 41
5 12
29 42
9 12
33 37
15 33
30 31
12 27
7 28
6 30
1 27
12 43
22 34
43 45
35 48
35 38
19 43
26 32
3 19
1 32
11 30
9 35
15 29
1 41
41 45
19 37
36 40
10 43
23 48
8 31
2 41
15 24
5 6
1 36
10 29
38 39
2 11
1 29
5 35
17 31
10 38
16 18
2 40
16 33
8 34
2 30
3 37
3 40
41 46
40 48
2 39
2 47
34 39
26 37
2 14
33 38
14 30
21 45
7 24
7 15
32 41
15 36
26 46
25 27
23 33
20 35
29 47
14 41
4 30
6 39
18 34
1 31
24 34
14 33
23 34
2 22
3 10
2 26
22 39
22 44
11 27
30 34
5 25
3 33
8 47
23 40
7 30
3 11
7 31
27 33
16 27
23 43
7 12
6 33
18 23
4 26
10 35
1 37
20 23
6 40
21 48
25 31
35 36
1 40
10 40
4 12
6 28
28 42
24 46
2 38
10 46
20 46
13 19
20 24
1 38
1 20
35 47
6 8
9 24
21 31
26 45
5 26
14 23
27 32
28 34
36 41
6 24
6 38
31 34
14 35
3 21
14 19
3 48
11 28
37 45
34 43
6 37
14 15
12 39
8 41
29 48
6 43
36 43
8 44
10 26
3 13
7 33
6 23
26 40
23 41
16 34
38 45
21 47
13 38
3 24
2 48
7 38
17 19
4 36
33 44
9 42
26 36
3 36
22 42
18 25
27 40
13 20
3 18
1 14
45 47
21 39
34 45
25 26
14 21
26 28
14 31
29 32
40 41
25 33
23 24
14 17
8 21
20 26
2 44
13 17
20 48
31 43
7 16
29 37
36 46
39 42
22 43
4 45
24 25
19 25
2 37
19 47
3 5
7 18
8 19
9 36
21 32
30 42
16 41
30 44
2 24
40 47
19 36
19 20
5 40
12 25
5 38
16 30
26 35
38 41
20 42
28 29
13 39
16 31
23 31
3 26
23 27
39 46
32 39
21 34
2 17
4 39
1 11
18 48
9 31
29 44
4 47
26 42
3 7
18 37
11 25
18 24
18 42
11 42
19 27
12 13
38 40
10 13
43 48
1 21
14 38
10 11
3 8
20 32
26 44
1 45
12 17
3 12
10 22
33 46
43 47
6 20
20 43
42 45
3 6
6 45
2 16
19 35
13 31
7 35
10 12
14 25
1 28
19 22
3 25
32 37
6 47
8 32
17 28
13 44
11 43
12 35
19 48
15 43
37 46
37 42
30 40
13 14
24 26
37 44
34 37
11 32
31 44
8 16
23 29
13 23
15 45
21 42
3 31
36 38
28 32
10 18
19 40
43 44
4 8
19 46
33 35
17 38
23 30
25 44
24 38
37 39
44 47
42 48
18 26
33 34
28 41
2 6
13 26
31 41
23 35
15 48
22 30
19 31
7 36
7 19
21 43
17 34
16 44
8 33
28 40
7 44
2 33
32 34
30 47
21 37
28 31
16 43
15 21
12 24
3 39
12 15
39 44
17 40
33 42
26 33
35 43
1 22
6 16
5 36
7 8
44 46
13 21
35 42
41 43
3 46
19 32
4 29
20 30
24 35
29 46
17 24
22 35
7 45
4 40
29 45
22 24
2 31
31 36
15 32
32 43
7 42
20 47
13 32
15 44
13 36
29 43
7 21
40 46
26 39
6 13
18 43
9 40
7 20
8 28
14 42
13 48
11 17
19 30
20 21
18 45
4 10
3 23
6 17
11 20
12 31
27 28
15 25
5 11
11 33
4 42
8 35
24 28
24 40
1 17
18 19
10 23
13 15
9 45
21 29
21 27
9 43
12 32
7 26
4 19
12 18
6 25
4 13
7 23
39 47
8 23
25 47
5 16
7 37
20 31
16 47
5 32
17 43
17 22
26 34
15 28
12 22
11 48
38 44
15 41
19 23
4 27
10 41
17 33
11 34
33 48
30 37
24 30
28 43
22 48
9 33
3 43
15 47
41 42
13 47
3 17
24 43
34 42
23 36
26 47
29 33
5 8
13 37
32 48
11 24
22 27
14 47
12 34
8 38
32 33
20 40
22 38
8 37
15 30
12 44
19 26
1 39
31 47
18 46
14 27
35 44
22 32
13 16
39 48
9 14
40 43
10 14
20 44
15 23
10 25
11 13
9 30
10 28
16 48
24 37
3 29
28 33
29 31
9 29
21 36
37 41
22 28
2 15
17 48
11 16
36 39
5 44
18 39
33 36
4 28
7 25
6 29
25 42
10 21
5 14
6 22
16 23
25 41
4 17
23 25
42 43
32 44
15 22
16 46
11 37
21 26
11 23
3 32
13 34
28 36
11 21
4 35
4 20
5 39
28 47
12 46
14 29
8 13
9 11
4 44
6 44
15 31
2 43
1 48
7 14
7 47
24 45
7 41
39 43
14 26
7 27
14 44
15 38
21 46
10 20
30 46
42 47
33 43
2 13
1 5
8 43
13 40
23 38
20 25
31 37
20 39
6 11
14 39
18 38
17 44
21 33
8 39
13 22
9 39
22 25
5 23
5 42
15 26
6 41
10 24
1 24
9 22
17 35
16 26
19 45
1 8
35 39
1 34
29 34
1 10
11 41
15 40
27 38
20 45
4 25
4 34
5 31
11 40
25 39
28 37
31 48
34 38
32 42
14 24
4 9
4 14
12 41
17 21
13 28
30 48
18 47
2 45
31 39
10 36
10 19
2 7
19 34
3 41
46 47
6 19
14 22
36 42
15 46
2 28
11 14
37 47
33 40
9 37
34 40
2 34
11 36
13 18
43 46
1 30
1 12
15 18
32 46
1 26
9 26
21 38
21 25
2 12
9 32
26 29
20 33
2 8
9 27
15 17
1 23
16 35
18 33
36 44
31 35
12 40
16 39
2 21
22 47
14 28
22 26
9 20
8 26
24 29
36 48
9 38
28 38
11 31
37 43
8 15
5 7
15 20
18 35
10 32
6 46
2 46
4 32
14 43
