46 719 14
140 43 939 -23 906 -245 -327 74 -21 218 139 -632 -273 -653 -705 -107 177 506 -432 700 -132 736 734 181 559 99 -144 -620 515 -767 888 929 -202 922 513 863 643 -665 780 -105 -726 795 -195 -375 -76 -211
8 34
15 25
4 44
19 42
36 41
17 25
4 7
29 41
10 34
17 35
4 29
2 32
5 11
5 34
23 44
13 17
16 34
22 28
28 44
10 33
20 35
38 41
4 46
2 38
15 36
13 46
10 30
12 23
35 38
34 35
1 46
37 45
29 45
27 28
17 24
3 17
1 12
7 8
26 28
4 6
6 24
33 43
29 43
12 37
3 44
41 44
37 44
29 37
23 42
32 45
23 31
6 34
6 41
25 30
18 33
13 16
14 20
9 36
25 34
35 42
7 26
35 44
3 45
12 27
3 43
3 42
16 29
27 33
23 28
9 10
15 44
36 39
4 11
14 44
8 21
10 23
7 30
30 37
25 28
28 39
6 26
8 43
31 36
41 42
6 46
11 20
17 46
27 29
2 20
16 38
29 46
11 26
19 30
6 17
6 21
24 40
1 36
3 32
13 25
3 26
33 35
13 37
12 39
14 26
15 29
31 43
25 45
38 45
1 31
21 22
29 34
10 13
13 28
1 34
2 46
8 14
5 40
23 33
7 23
5 39
18 32
29 44
17 18
36 38
24 38
14 38
5 31
3 36
7 45
12 40
8 25
6 33
15 23
23 29
8 41
16 17
34 38
16 37
26 29
4 12
2 5
20 43
16 18
8 36
9 12
17 29
18 20
18 22
14 17
17 39
5 42
31 37
23 35
8 40
33 45
11 36
3 8
3 7
2 8
7 44
19 27
3 15
11 12
11 15
7 31
13 39
18 36
6 27
2 15
14 35
19 34
14 34
11 41
21 41
11 29
19 21
33 44
24 29
9 35
23 27
18 46
3 6
12 13
3 33
5 33
4 31
32 43
27 36
19 41
39 43
18 35
3 4
45 46
2 21
25 38
13 27
18 23
10 14
28 41
8 20
38 44
3 34
2 43
42 43
27 45
4 38
17 36
3 19
1 23
37 43
14 31
38 39
10 15
8 32
10 44
2 35
7 39
8 24
6 30
31 46
16 26
33 41
2 31
10 32
6 19
18 37
37 42
10 27
19 39
21 32
4 45
26 35
12 21
1 24
12 46
12 20
4 13
33 34
8 31
29 40
11 23
8 26
25 46
31 33
10 26
21 24
17 45
29 38
22 40
33 36
15 30
22 25
17 38
10 25
3 41
7 41
3 14
8 27
20 28
16 44
2 30
20 46
2 26
26 34
28 43
23 45
1 11
1 32
2 7
10 16
4 23
5 10
36 43
32 34
39 44
11 40
6 16
11 16
10 41
17 22
15 21
1 16
14 19
5 37
11 13
5 23
16 19
24 36
2 18
2 14
12 43
38 46
44 45
19 29
37 40
6 44
14 15
10 45
21 35
5 8
7 28
2 9
9 29
27 38
9 32
20 26
35 39
43 44
12 16
2 27
42 46
35 40
20 22
28 42
6 14
25 31
19 40
3 13
6 25
5 13
24 45
16 39
1 26
15 35
1 25
9 21
2 16
12 22
10 29
24 34
28 40
9 26
20 21
13 20
14 46
3 12
14 42
38 40
4 43
13 15
14 33
12 45
3 28
7 27
33 39
4 37
27 39
8 30
6 23
8 9
32 42
4 24
8 10
10 39
14 21
16 23
12 41
2 6
8 45
20 45
9 13
34 43
21 43
1 14
9 15
2 23
13 24
29 39
16 22
4 5
11 22
19 24
10 24
10 20
29 36
12 14
6 38
7 43
10 36
4 39
23 43
5 43
9 22
32 37
28 33
10 37
23 36
2 29
13 18
19 35
14 29
31 39
24 37
27 43
22 31
9 46
2 39
3 39
22 32
15 38
23 46
9 37
20 38
5 46
27 32
32 36
5 17
20 44
37 41
5 44
19 20
31 32
29 33
9 43
4 26
28 35
8 35
12 18
10 35
14 28
40 46
30 35
31 35
6 7
30 46
11 34
12 36
26 38
16 41
14 18
34 44
21 36
11 38
31 44
2 25
30 38
39 42
19 33
6 29
21 27
20 27
39 41
8 38
11 19
21 25
27 42
24 25
9 28
20 33
41 45
24 26
2 10
19 25
10 21
20 36
2 19
2 42
13 32
1 44
19 22
9 20
9 16
14 16
11 42
19 36
27 35
14 23
4 14
16 35
22 43
26 45
20 39
12 44
1 35
19 44
3 31
2 11
24 31
20 25
28 31
6 22
7 24
14 41
7 36
14 37
19 45
3 24
4 42
26 31
15 20
9 34
4 41
30 34
12 28
14 39
2 3
5 35
9 40
22 36
21 26
2 41
1 2
13 22
23 24
17 21
8 12
22 26
31 38
11 43
16 43
14 32
3 40
19 26
35 43
1 20
17 37
30 43
24 28
20 34
7 19
4 18
26 39
3 21
7 35
9 19
15 31
14 43
9 42
6 28
32 40
7 46
3 30
18 40
24 42
1 22
25 33
6 11
30 36
22 44
2 36
3 29
29 30
6 15
13 43
8 39
1 33
8 18
31 34
8 11
5 18
17 19
17 23
36 42
7 32
26 37
17 20
2 40
28 30
28 38
33 46
3 23
13 14
4 10
17 43
26 33
1 5
11 14
24 35
23 30
21 33
18 38
23 39
21 38
11 39
16 25
32 46
34 46
3 20
3 38
22 45
25 41
15 16
11 25
18 27
36 45
31 41
17 33
13 38
12 31
1 29
6 40
38 42
11 32
15 17
30 45
8 33
12 30
9 14
13 21
21 23
18 29
24 32
17 41
34 39
7 18
25 36
7 20
7 22
7 13
32 44
2 17
1 19
11 33
4 9
23 37
22 39
33 37
17 31
18 42
21 37
4 36
35 41
13 29
11 44
27 41
8 16
22 41
9 11
30 31
30 42
26 30
33 38
19 46
34 40
7 42
25 42
26 42
3 46
3 9
7 11
34 41
18 34
16 31
42 44
9 41
28 45
19 32
25 26
13 23
37 39
17 44
18 44
28 34
3 11
9 18
22 35
8 28
9 33
22 46
1 43
22 24
36 46
15 43
42 45
17 34
26 43
10 12
16 27
12 38
33 42
35 45
9 31
4 30
44 46
26 32
1 30
13 34
7 21
1 18
17 42
20 41
4 34
18 30
25 29
24 46
20 40
6 42
4 33
21 45
9 44
6 39
40 41
15 22
20 32
11 17
34 37
13 26
11 46
30 40
9 25
3 27
2 4
11 30
11 24
1 42
1 3
23 32
10 17
4 16
13 35
12 25
3 37
32 35
30 41
6 8
8 46
28 36
23 26
20 23
