9303
196
6336
4657
5794
6680
5788
2609
5504
2198
5302
5510
5790
4278
2624
8629
6012
2440
7076
3747
6243
8140
1715
4843
7558
4405
4425
8237
2156
3156
5022
3927
7364
5432
2485
4478
6939
8093
2395
6269
7806
1684
8753
5936
8944
2822
8307
8462
3299
4672
1965
3851
9167
4004
5228
9235
3878
2571
6936
723
4202
2804
3649
6333
8583
7789
8108
8001
3296
6545
4696
9063
4589
7857
4748
666
875
4133
5373
2882
1240
9211
4913
4634
3135
4746
8289
8294
8321
3823
7492
6779
4373
4119
1948
4543
8214
2311
3239
8365
2358
7554
1360
2055
2785
5142
3746
7256
4222
2019
5651
4143
69
1393
8050
995
1368
3371
6037
4499
5358
8762
894
947
6730
23
3488
3842
4394
6958
833
8672
2627
6622
8273
3123
5061
4116
9096
1351
5133
4045
3102
7344
5183
8143
1023
1281
1589
6954
2116
1763
8823
1638
8229
3789
1914
7377
1996
6140
9234
2203
8255
2351
7781
5079
7199
4185
7253
5911
5588
3021
3185
472
1928
3709
1689
2278
5763
3382
5607
4788
2010
145
8967
5962
5093
698
8548
2544
3677
5458
3674
6822
7288
6877
8318
6267
