83 86
100
8 86
1 86
52 70
42 5
8 56
12 86
83 35
22 86
37 12
10 27
83 4
60 72
20 56
21 84
83 38
12 86
83 8
83 19
64 71
37 86
35 86
56 7
42 43
7 85
66 5
83 22
19 86
32 38
83 61
49 13
42 51
10 86
27 3
83 32
20 40
83 33
83 60
2 86
76 60
83 1
28 86
60 29
57 86
76 39
74 86
7 19
48 32
18 86
17 86
49 76
35 17
56 56
1 86
47 10
10 5
11 1
10 86
8 86
52 86
53 7
83 4
51 86
76 14
83 28
81 23
36 86
42 18
14 86
73 51
83 41
67 9
13 79
56 58
13 86
6 86
30 86
54 79
39 36
3 86
83 12
5 34
55 7
83 30
3 86
26 76
20 51
83 5
17 86
5 46
10 13
6 67
46 63
59 39
83 13
30 86
83 59
1 58
24 86
35 9
83 6
