28 299 19
1 2 3 4 5 6 7 8 9 10 11 12 13 14 15 16 17 18 19 617 535 800 654 547 963 863 760 1000
2 16
14 15
4 15
2 9
20 21
11 15
16 17
11 18
7 13
5 26
12 26
1 19
18 28
18 20
21 24
10 13
7 12
2 17
11 24
5 16
5 20
22 23
11 27
14 20
14 28
8 22
17 22
14 18
13 15
18 25
5 28
10 21
8 19
23 26
2 14
2 20
16 26
1 9
5 17
7 23
21 27
3 27
7 18
1 22
16 24
2 11
22 25
15 21
4 21
4 11
5 22
11 23
2 24
19 23
13 28
13 26
3 25
25 27
9 18
7 16
9 17
14 22
12 13
1 7
11 22
2 13
12 21
10 28
6 28
2 27
1 11
1 20
2 19
8 13
10 17
17 18
9 23
2 23
15 23
18 22
6 26
19 25
5 14
16 20
10 19
9 13
5 25
6 7
12 22
1 26
13 27
15 18
15 19
3 18
17 20
16 22
7 8
9 25
4 12
2 5
8 9
8 27
3 28
10 15
18 24
7 14
26 28
3 20
23 25
4 5
21 23
8 15
5 12
22 26
13 25
7 11
6 14
6 18
10 26
3 9
14 23
18 21
6 12
3 13
15 25
9 20
2 8
2 26
6 16
9 14
15 22
19 24
13 21
12 24
4 26
5 9
5 23
17 28
8 23
10 11
15 27
19 20
3 5
9 24
23 27
14 24
13 20
19 21
15 16
3 19
9 11
1 8
12 27
18 27
6 11
4 17
8 20
6 15
18 23
7 10
6 23
6 27
14 27
11 14
10 14
21 26
26 27
12 14
1 10
1 13
12 15
2 18
10 18
3 4
16 19
4 8
4 14
11 16
6 22
14 25
3 16
13 22
24 26
3 12
22 27
11 13
4 13
19 26
21 28
7 17
13 23
3 26
4 20
6 21
4 19
17 26
3 14
7 26
12 19
13 24
11 28
12 23
7 22
21 25
4 6
3 11
14 26
22 28
9 10
12 18
15 26
7 28
15 20
10 23
1 24
10 27
1 18
18 26
1 27
3 24
12 20
6 19
8 16
2 3
6 8
9 16
14 17
1 2
7 15
1 14
12 28
6 25
11 12
17 23
20 22
1 17
9 28
20 28
4 18
4 25
13 18
6 17
1 3
4 23
5 18
24 25
7 24
13 16
4 16
23 24
8 14
1 21
10 16
17 21
15 17
7 19
14 16
2 12
23 28
13 14
3 21
2 28
16 28
11 26
10 25
15 28
8 25
24 28
7 9
16 21
1 12
17 27
19 27
18 19
6 20
9 21
4 9
19 28
11 17
9 19
1 25
8 18
10 20
16 25
8 21
8 17
1 6
7 25
11 25
5 24
15 24
27 28
4 28
5 7
11 20
8 28
10 22
5 6
5 27
