23 146 19
764 -834 663 486 -687 -63 890 484 648 -948 -665 526 794 -851 579 -57 347 26 -147 -222 -79 435 902
8 9
1 8
7 14
2 21
2 13
16 17
10 19
8 18
10 15
3 9
7 13
13 19
19 21
5 20
4 12
3 15
1 12
8 21
14 15
13 18
8 23
16 19
16 21
4 16
3 14
3 17
10 23
8 19
5 8
17 21
11 19
5 21
17 22
6 8
4 17
20 21
2 14
14 21
2 22
9 20
8 13
6 22
1 15
5 9
6 16
3 7
11 21
1 14
17 23
11 14
1 20
10 11
1 7
3 21
1 3
2 18
15 23
2 17
8 16
1 5
1 17
21 23
7 17
16 23
12 19
4 23
14 20
10 16
6 9
3 13
8 11
7 16
5 14
13 14
10 22
6 23
15 22
11 18
5 22
1 11
3 16
1 19
2 10
4 14
13 15
10 13
13 16
6 13
2 5
6 15
8 14
6 11
1 4
1 23
1 22
2 15
9 12
4 19
13 20
2 16
12 21
2 12
9 23
11 15
15 21
4 11
10 21
12 18
15 17
4 6
11 20
3 19
14 22
14 23
18 20
4 22
12 17
15 18
10 14
13 23
2 11
4 5
5 10
11 12
5 17
9 22
7 19
5 6
6 18
14 17
15 20
12 23
4 15
8 10
4 10
16 22
9 21
7 18
9 15
5 16
7 21
18 19
7 22
21 22
12 13
15 16
