44 842 25
-900 127 -269 420 -647 91 530 473 820 182 510 667 466 200 207 -551 665 179 -356 -875 207 -546 691 -49 320 435 -698 819 -214 320 -699 -330 -747 388 -764 697 478 470 -389 -405 229 -329 554 298
5 31
21 31
7 24
7 32
6 36
23 27
5 20
4 32
15 39
12 44
3 4
12 20
12 42
21 37
25 44
18 22
1 35
14 28
8 24
8 25
19 30
31 33
17 23
17 21
6 39
4 17
4 40
7 11
6 16
38 40
7 9
36 41
1 37
3 8
16 23
3 15
22 34
3 12
26 40
18 42
38 39
18 27
23 26
9 19
12 37
10 30
34 40
13 37
2 5
24 26
3 38
6 22
22 33
10 20
12 33
35 40
13 21
25 29
9 24
1 28
25 26
3 11
5 41
28 30
5 35
6 21
26 27
2 41
25 28
20 36
11 30
21 25
8 12
20 22
35 41
9 44
5 13
31 34
33 38
10 32
4 37
13 34
33 42
17 20
16 28
5 11
5 36
30 36
4 24
31 36
3 21
17 19
16 38
7 31
19 28
30 42
41 44
3 5
5 43
16 32
5 10
8 14
2 11
25 30
11 23
40 41
8 15
21 30
30 40
4 6
12 35
32 36
14 27
4 23
6 12
9 20
13 19
25 42
32 33
11 26
8 18
14 24
32 35
13 27
6 31
2 8
9 32
15 41
18 43
9 41
26 35
17 25
13 17
6 40
6 23
11 15
28 39
5 34
12 17
31 42
29 36
8 20
3 23
1 24
6 8
30 35
7 27
40 43
3 7
3 42
37 41
11 19
5 14
12 19
10 41
39 43
15 23
12 29
13 39
16 44
14 34
20 41
5 26
27 39
38 43
3 13
9 35
2 33
36 42
3 25
21 24
33 39
18 39
13 42
5 32
3 41
16 36
18 19
15 17
15 30
12 41
35 38
7 28
14 19
30 38
9 29
9 17
16 25
24 29
41 42
11 31
20 30
42 44
29 37
21 35
20 39
7 17
30 31
32 43
39 42
10 23
23 37
2 44
18 26
17 29
19 27
2 40
7 39
14 26
16 29
9 37
28 34
17 36
25 35
8 10
13 26
2 30
17 22
24 43
17 43
4 16
2 12
21 34
4 19
16 24
1 30
16 27
34 41
18 36
11 38
1 3
14 42
24 33
24 28
5 44
28 35
9 34
2 23
29 33
11 16
1 32
12 27
4 39
5 42
27 31
22 27
12 16
9 11
20 37
22 26
13 18
18 40
7 15
7 37
9 31
11 21
20 29
29 34
26 43
5 30
6 33
1 13
24 30
11 37
15 20
11 13
17 32
25 31
2 36
27 28
10 37
9 10
36 38
23 42
26 29
41 43
11 41
6 34
35 39
27 40
29 42
4 9
15 28
32 37
15 24
21 36
11 27
6 37
8 22
7 36
23 38
13 20
10 31
2 9
1 26
7 18
8 21
7 20
18 33
24 34
22 43
23 34
7 14
20 26
11 28
30 41
7 22
16 17
27 32
4 25
20 34
14 37
5 37
23 25
25 32
1 2
14 41
13 24
29 35
15 16
6 26
19 25
13 25
3 17
19 34
15 29
26 28
1 34
6 30
18 28
14 44
38 42
28 33
14 21
4 21
10 22
29 40
12 24
8 41
1 17
6 42
1 36
19 29
1 44
13 32
2 13
20 40
7 33
31 43
10 17
9 30
14 15
13 44
8 33
17 34
33 44
23 28
10 27
6 35
18 24
8 11
15 37
19 39
5 16
5 7
9 28
1 7
29 39
18 31
2 28
23 33
15 26
16 42
7 10
27 38
29 44
6 7
5 28
7 8
33 35
16 31
28 41
1 21
34 38
33 40
21 22
16 35
22 41
1 12
22 30
14 43
7 21
13 23
15 44
18 23
30 39
13 40
5 12
23 30
3 27
23 36
16 34
9 36
36 39
1 25
23 29
17 26
9 12
1 4
11 18
4 13
4 30
1 14
1 38
6 24
19 32
33 41
2 38
8 19
16 19
2 14
2 3
34 35
20 43
8 23
11 14
6 10
24 39
10 25
15 27
37 40
15 32
2 25
3 20
14 23
29 43
18 21
8 17
6 29
2 22
7 42
32 40
2 4
24 36
21 23
9 18
2 42
35 42
10 26
12 21
18 30
11 40
25 43
4 35
22 23
36 44
37 43
4 38
6 28
7 35
21 41
29 32
35 36
11 29
7 13
5 27
4 7
14 16
11 25
32 42
8 13
11 34
16 18
39 40
32 41
21 43
10 12
4 36
19 22
33 37
17 44
7 16
9 40
5 19
4 42
20 27
5 24
1 29
10 24
7 43
4 11
28 36
27 37
9 26
18 41
2 18
23 40
19 38
2 20
6 13
36 43
19 40
7 23
11 43
3 39
11 33
8 27
22 29
17 33
6 25
2 15
13 28
2 35
25 36
5 23
9 25
11 17
18 35
14 33
1 8
19 23
3 33
25 38
22 40
12 13
20 25
11 22
10 29
6 17
9 14
6 14
24 37
9 39
19 37
7 41
5 6
3 22
22 37
3 40
5 38
10 13
19 43
8 35
23 39
12 40
9 38
13 33
34 36
1 16
18 25
14 38
10 28
14 25
29 31
20 32
22 25
3 28
16 20
17 37
1 6
27 42
3 30
2 10
10 33
2 31
1 40
5 22
3 35
35 37
26 44
32 39
35 44
18 32
38 44
23 43
3 6
2 17
21 32
19 21
20 42
4 15
28 38
3 19
25 37
25 34
12 28
26 42
1 43
24 41
27 30
12 25
5 39
14 29
24 40
19 42
15 42
9 42
21 27
2 32
28 37
26 31
6 15
6 41
8 38
13 16
32 44
6 44
11 35
22 24
11 12
10 19
17 39
17 18
24 44
17 24
6 32
31 39
8 26
14 22
21 39
13 36
18 34
23 41
9 15
5 9
17 41
19 26
11 44
7 25
25 40
12 38
20 28
3 32
17 27
31 35
2 16
1 33
21 38
4 29
27 44
22 38
28 42
10 38
16 30
4 28
10 14
24 27
26 38
7 12
7 29
17 30
19 41
10 18
4 44
15 43
10 21
14 17
16 43
21 33
15 33
4 14
4 12
30 43
15 21
11 32
6 20
14 18
20 38
12 43
5 21
38 41
14 39
5 40
5 15
3 37
4 5
20 35
1 5
3 26
8 39
18 29
33 43
22 31
10 34
30 44
25 33
27 41
23 24
14 31
11 42
19 33
28 44
26 34
15 19
21 29
7 38
11 39
4 34
4 41
15 18
40 42
31 38
7 44
15 35
17 42
6 19
34 39
30 32
8 42
22 35
8 30
12 18
16 39
19 36
23 44
27 36
3 10
28 31
35 43
24 32
14 32
5 18
23 35
30 34
13 43
4 20
2 29
12 22
1 39
30 37
26 30
13 35
4 43
5 17
6 9
8 40
7 40
7 34
13 30
3 18
10 16
31 44
5 25
1 42
1 41
3 44
16 40
23 32
14 36
33 34
25 41
4 10
8 37
25 39
16 37
34 37
29 30
21 42
27 29
39 44
31 40
16 26
20 23
32 34
22 42
12 39
9 43
37 38
26 36
2 34
18 44
10 40
18 37
3 34
8 36
16 21
2 26
24 35
16 22
15 38
21 40
1 15
26 32
24 25
10 42
14 30
15 34
1 27
8 29
12 36
24 31
3 36
8 9
1 20
3 14
20 44
15 36
9 13
40 44
19 44
10 15
18 38
21 44
15 31
29 41
4 33
31 37
36 37
1 22
37 42
34 44
28 40
3 29
5 33
10 35
4 8
1 11
6 18
3 9
9 21
15 40
22 32
3 43
9 23
13 22
21 26
10 36
7 26
2 24
4 26
3 31
4 27
19 35
24 42
30 33
17 35
5 8
2 43
7 30
1 23
20 33
21 28
