48 683 22
274 -161 -581 -867 -445 -622 -823 -948 -961 204 107 684 -355 -959 -324 13 161 41 -431 381 515 -901 -239 -356 -502 -885 -940 -613 -431 -75 -775 344 894 638 91 -966 -683 421 511 164 -599 -465 -881 452 -246 -967 532 99
6 35
15 31
32 39
29 38
12 37
33 36
11 21
28 48
12 48
5 8
4 25
11 37
31 33
17 21
24 34
26 37
22 28
8 14
14 33
32 41
31 44
16 39
35 36
16 41
2 44
22 42
22 37
32 48
9 32
27 39
18 42
1 48
10 43
11 43
22 47
43 44
10 25
17 20
19 32
9 47
15 21
14 19
20 41
3 17
19 33
4 45
6 17
35 40
20 36
14 31
22 36
2 28
6 27
2 17
16 30
19 23
14 16
32 37
4 37
30 40
16 28
28 44
35 38
21 41
43 46
13 39
19 20
40 41
31 37
12 32
8 25
26 40
25 41
4 11
2 19
5 10
5 11
26 48
13 21
22 25
11 35
22 26
10 16
1 6
13 40
1 46
1 18
5 38
20 29
17 33
27 28
21 23
30 48
44 45
7 38
1 8
25 47
24 44
7 11
13 34
1 47
16 44
2 27
7 48
33 45
23 31
15 47
13 35
3 33
8 39
15 43
1 31
12 43
3 31
5 16
27 45
30 39
27 36
41 43
6 11
4 44
4 23
34 39
6 12
1 24
16 17
5 35
9 39
5 9
3 12
3 28
28 40
14 48
31 35
1 39
10 48
6 33
19 38
37 42
11 30
16 46
30 45
16 42
2 8
14 45
19 24
27 40
29 44
8 31
4 38
19 30
2 26
21 33
7 20
25 39
18 27
21 47
29 36
7 14
7 13
33 40
34 40
20 38
11 28
3 8
18 20
4 21
4 15
25 35
35 45
10 11
25 45
2 6
15 16
1 21
1 3
21 48
39 41
3 26
3 20
15 17
16 40
38 43
4 43
33 39
5 25
6 26
3 4
11 17
17 42
16 38
30 34
32 47
2 29
4 28
14 46
22 44
1 44
8 13
2 32
12 20
45 48
13 38
21 44
20 45
14 36
8 29
16 36
37 48
7 39
25 31
15 26
25 46
5 43
35 44
4 47
13 44
1 33
1 38
2 3
9 44
14 21
14 38
5 36
2 37
6 31
8 17
19 37
28 31
3 19
17 22
20 34
7 32
7 16
22 31
4 6
28 46
9 21
1 41
25 42
5 34
39 46
16 21
14 30
6 9
2 14
18 45
5 17
28 29
7 10
35 37
2 21
40 44
25 26
8 38
26 31
8 32
4 18
23 43
12 44
13 20
23 26
12 15
11 12
11 40
39 44
25 37
19 39
31 42
10 40
3 11
14 17
25 34
9 27
13 31
20 26
7 43
19 46
2 40
12 40
15 39
37 38
4 7
10 13
16 33
11 29
4 32
3 6
7 33
9 10
33 47
6 13
13 41
4 30
10 34
16 31
14 37
16 22
19 25
33 37
5 33
33 38
36 47
5 29
6 16
6 36
12 41
17 35
1 34
1 2
3 21
16 25
23 36
10 26
18 35
2 20
24 39
5 37
3 30
6 45
23 44
25 30
17 36
18 23
7 41
4 26
14 18
40 45
3 24
36 45
4 9
24 27
6 48
7 21
37 45
15 27
24 31
21 28
11 38
3 47
33 48
26 43
1 13
24 28
28 33
32 43
20 46
19 34
3 41
29 40
9 33
29 47
8 45
12 22
43 45
15 25
33 35
4 16
7 45
12 17
40 42
6 15
13 32
33 44
30 42
29 45
22 41
10 15
27 30
14 22
14 34
7 37
6 21
13 37
26 42
15 34
11 14
10 47
15 20
5 19
2 25
1 14
3 34
35 43
38 46
36 46
16 26
13 33
3 13
3 29
20 33
9 12
16 47
9 13
39 43
2 43
6 19
22 34
30 38
7 29
1 7
2 16
27 33
4 39
26 29
11 26
20 42
24 33
21 40
2 11
2 39
8 40
36 40
44 48
5 45
18 43
3 36
4 22
34 36
4 19
23 45
28 36
14 23
5 21
26 30
26 33
7 18
11 36
32 38
22 29
17 24
7 12
12 39
30 43
36 37
44 46
32 33
22 40
3 18
14 26
8 10
28 43
26 32
18 44
18 26
10 38
12 36
27 38
5 48
24 45
41 46
2 24
38 47
17 27
9 40
39 47
23 25
9 48
34 43
13 45
7 15
17 23
20 32
3 37
26 27
27 37
22 45
17 19
18 39
34 37
23 39
31 40
28 39
19 21
23 47
10 23
7 44
24 26
23 30
11 45
30 37
3 42
1 5
6 20
35 39
43 47
10 46
13 16
16 45
15 44
12 42
7 17
4 17
4 12
10 37
13 47
2 41
9 36
8 26
35 46
16 48
9 35
6 25
24 32
20 37
21 29
34 42
43 48
9 19
8 9
37 40
10 21
31 34
10 29
41 44
47 48
9 25
5 12
38 41
38 40
33 46
5 42
24 37
37 43
13 28
32 45
9 18
12 38
17 29
20 43
20 35
1 16
10 28
15 35
2 13
15 29
9 23
11 42
4 29
8 35
18 46
17 18
14 43
12 26
10 27
24 46
37 44
24 35
12 14
4 5
7 23
2 31
4 33
42 46
15 23
5 47
23 48
15 42
18 32
8 24
26 45
26 28
1 43
4 13
22 43
7 19
1 4
15 19
41 47
35 48
11 18
5 40
1 11
14 24
18 30
14 20
27 32
32 42
3 9
7 40
24 25
23 42
13 22
6 14
9 29
9 11
20 25
3 5
2 36
35 47
40 47
29 37
11 41
19 41
39 42
31 38
28 42
13 14
18 34
22 38
15 46
37 47
10 12
12 23
18 24
23 40
11 15
17 32
9 42
9 26
5 24
4 48
11 25
35 41
2 34
6 44
7 8
11 20
28 32
32 40
9 15
17 25
45 47
37 39
31 48
19 31
37 46
26 36
7 24
8 20
26 38
32 34
6 38
15 45
5 6
29 42
14 15
1 22
16 43
16 32
14 44
24 43
19 47
39 40
11 33
11 44
2 33
6 18
18 38
15 40
12 16
15 36
46 47
25 33
40 48
17 39
17 40
29 41
11 23
1 15
14 29
21 38
4 20
21 25
28 38
18 47
34 46
5 15
9 20
5 31
20 28
9 16
23 33
19 26
9 41
42 45
1 10
34 35
2 5
9 22
11 32
3 43
10 30
