50 1160 33
-887 819 -512 -460 393 -806 -394 -37 -961 385 -888 -618 468 -65 565 491 -701 882 -229 -76 -792 -295 -847 855 130 173 -226 836 -231 -595 433 -614 -913 -578 -109 -537 390 27 559 814 22 354 271 -805 -342 -39 506 23 -807 336
11 29
15 26
21 24
2 42
36 50
19 40
13 14
10 43
1 43
3 12
18 34
26 39
41 50
27 47
13 37
7 27
2 19
2 13
29 47
9 41
45 49
20 21
11 42
10 36
6 35
34 38
2 28
9 49
19 39
5 45
4 16
9 50
17 33
23 24
32 35
10 38
9 43
32 43
30 37
5 37
32 48
15 39
29 48
11 22
2 37
38 39
19 30
10 35
17 41
23 30
17 36
34 44
24 30
12 45
14 19
1 10
18 35
7 45
26 47
8 17
40 48
9 26
13 34
21 28
9 30
8 22
5 47
29 30
43 47
5 16
3 18
7 46
33 37
7 18
11 20
41 44
45 47
29 33
33 34
34 37
11 14
37 47
17 29
23 38
41 46
9 31
5 20
2 7
26 45
34 49
8 14
24 32
20 38
28 40
9 15
11 34
1 23
23 50
19 45
38 44
23 33
4 28
3 22
37 45
24 27
28 30
12 40
16 43
24 28
33 42
20 47
11 44
22 49
9 13
18 36
9 29
20 37
2 16
6 24
32 33
5 35
46 48
26 35
6 30
6 36
8 44
34 39
4 12
10 18
14 15
12 34
6 47
28 31
20 43
9 48
6 38
29 49
35 47
15 46
3 49
1 20
42 50
35 40
4 9
34 41
33 41
35 36
5 40
16 34
19 20
8 15
1 44
23 34
29 45
11 50
3 43
7 47
16 38
36 48
10 48
35 39
42 47
2 43
21 50
3 44
6 15
6 43
17 32
11 39
2 4
42 48
9 45
17 35
27 41
9 40
2 27
14 46
11 18
17 21
1 18
4 17
37 42
6 50
3 7
6 19
3 50
6 45
3 36
26 46
24 43
39 49
36 46
5 11
2 29
5 23
23 26
11 33
8 47
13 23
43 49
36 45
19 21
35 42
4 23
21 43
2 45
3 21
6 46
5 34
11 36
32 34
43 44
21 23
36 42
35 46
6 49
6 12
21 31
14 28
8 13
3 28
10 50
1 14
6 44
2 21
1 41
3 6
10 17
9 16
24 25
6 8
17 18
6 18
32 45
5 48
21 26
31 45
9 11
5 6
27 34
1 45
4 46
36 40
15 24
22 36
13 22
24 45
21 48
21 41
13 46
7 38
14 44
2 12
17 27
2 6
30 36
32 49
13 44
27 39
16 36
16 23
47 49
6 22
31 36
45 48
15 48
3 10
17 48
10 24
20 48
17 46
5 32
8 45
21 36
3 24
14 31
1 17
22 43
18 22
27 29
10 32
16 44
31 32
30 44
6 27
4 18
23 37
38 47
4 25
31 38
1 24
15 25
1 46
22 27
26 29
16 19
15 28
36 43
26 33
14 40
47 48
4 50
7 9
12 13
10 31
13 39
29 50
33 48
19 35
34 46
7 40
22 41
10 14
12 19
1 12
24 34
34 48
19 47
23 28
29 40
37 40
29 34
25 46
21 30
18 32
10 47
29 43
8 28
5 13
1 48
7 21
12 25
4 45
2 41
9 25
6 21
30 39
21 32
3 5
23 39
10 34
16 27
32 36
10 49
13 29
23 45
16 24
3 42
24 37
3 39
21 40
14 29
22 25
9 34
22 33
3 11
8 21
27 38
12 38
27 49
17 20
5 8
11 41
7 17
11 12
14 25
14 49
9 10
15 31
7 34
8 11
18 40
43 50
39 48
30 49
15 23
36 39
22 48
3 35
39 50
13 32
38 49
10 19
24 41
18 24
1 9
12 39
2 48
7 15
17 26
18 42
14 20
28 29
3 31
5 18
27 42
7 13
5 14
19 28
2 38
5 24
7 26
4 10
20 25
29 31
33 47
25 42
28 50
26 38
11 35
20 36
5 39
10 40
1 32
2 47
14 45
30 46
28 33
11 15
33 49
1 8
25 47
34 45
40 41
24 44
33 35
31 33
18 31
6 40
11 19
2 23
7 14
18 21
35 50
11 49
8 40
3 19
15 16
30 45
9 37
30 31
12 26
36 41
5 30
8 46
4 6
3 38
10 22
39 43
8 18
35 41
19 36
9 39
15 36
16 22
10 15
16 18
18 47
6 20
1 31
19 29
41 49
14 47
16 25
17 50
20 33
5 27
13 26
14 17
28 37
22 42
24 31
22 24
31 47
25 33
19 48
39 45
22 40
37 43
18 27
15 44
15 43
2 20
5 33
25 49
27 32
28 46
22 26
33 40
3 48
2 34
23 46
34 40
39 47
22 30
4 24
2 36
12 27
19 41
28 49
4 31
8 12
8 36
15 47
18 49
4 7
18 44
1 22
25 38
9 38
15 35
24 50
19 46
6 34
1 42
34 50
2 31
3 29
5 22
15 20
7 25
25 44
26 28
11 40
6 11
40 42
15 32
13 20
37 46
13 16
14 26
29 38
17 38
26 48
3 30
8 16
2 22
22 28
15 45
6 33
1 6
12 49
44 47
21 47
30 34
4 27
27 48
25 27
7 36
25 26
10 27
31 42
15 38
31 34
26 41
24 29
26 36
27 37
12 16
10 39
1 13
12 17
24 33
2 32
5 28
21 46
27 28
25 37
40 47
7 39
4 30
8 23
5 15
12 21
7 12
38 40
43 46
17 31
13 33
20 23
12 47
2 24
27 44
6 23
26 49
18 20
5 46
9 22
11 37
21 42
39 40
9 24
4 47
13 42
6 48
10 44
14 41
9 27
24 36
17 24
21 25
21 39
24 49
9 35
31 49
4 26
26 44
12 24
11 21
14 21
7 22
14 27
14 43
17 34
30 48
16 49
30 42
12 42
28 34
11 46
1 47
12 18
28 36
15 17
22 29
41 48
12 31
9 42
20 49
14 18
14 16
44 49
5 44
42 49
23 49
8 39
15 19
8 37
16 21
6 7
9 28
1 37
13 41
9 47
6 9
2 33
25 41
11 28
16 35
23 43
30 35
16 29
34 43
20 27
18 25
31 41
1 7
8 9
1 19
1 34
5 36
21 29
42 43
8 32
17 28
25 45
39 41
7 11
5 29
14 24
32 39
10 23
6 26
4 29
7 49
24 35
2 25
8 31
2 10
8 29
32 46
5 43
31 43
4 43
15 22
15 29
21 37
14 50
10 16
18 28
45 46
16 28
38 48
22 23
22 46
32 40
16 26
15 49
5 10
7 30
34 35
12 29
18 45
11 26
26 32
23 48
25 30
41 45
4 5
1 2
1 39
9 18
26 30
18 50
29 35
36 44
27 43
29 44
22 37
6 37
4 38
4 33
16 42
32 47
8 41
4 41
21 33
16 45
27 31
22 32
19 42
2 40
4 13
19 37
13 17
30 40
8 24
49 50
26 43
31 35
19 23
21 34
11 31
19 31
25 31
2 15
30 47
27 46
6 39
16 48
7 20
15 40
15 18
7 37
4 11
12 20
7 19
8 43
22 45
12 30
5 19
14 48
22 44
8 42
4 21
33 45
19 32
10 26
2 30
14 33
3 23
11 43
40 49
13 43
13 24
10 30
4 32
26 31
22 35
15 37
2 18
21 27
7 41
4 48
2 17
5 31
34 47
25 28
9 17
20 42
17 44
6 10
17 19
2 8
30 43
2 35
31 40
25 50
18 48
12 43
14 36
19 24
8 10
19 43
18 46
14 22
11 16
19 38
14 42
25 29
11 17
21 38
14 32
2 5
4 40
28 44
9 14
16 20
25 32
23 29
34 42
14 23
19 50
29 37
4 20
11 48
23 27
9 44
2 9
2 11
25 39
6 25
4 35
3 16
19 49
26 27
35 44
18 19
4 8
4 19
42 46
28 42
15 27
29 32
7 16
3 40
25 35
33 39
6 28
1 29
13 36
25 40
10 12
9 46
5 7
17 45
12 23
18 43
23 36
10 20
27 30
22 38
1 35
8 27
36 38
11 25
3 4
41 47
2 26
43 48
10 29
17 25
12 14
10 13
17 47
26 34
3 17
1 50
14 34
13 27
40 46
27 40
12 35
37 41
4 22
16 39
12 28
6 42
15 21
10 46
44 48
28 35
27 33
11 47
20 46
13 18
31 48
16 32
4 14
28 48
2 14
17 22
7 50
7 8
41 43
16 33
7 10
7 32
40 45
1 28
44 45
45 50
3 41
3 25
34 36
30 50
10 45
9 33
13 49
46 50
30 33
3 37
3 8
6 31
29 42
8 35
20 35
27 36
19 25
13 19
10 33
8 50
13 28
37 49
2 46
5 38
12 48
2 50
8 25
39 42
2 49
13 40
18 37
7 23
20 41
14 37
35 49
8 33
19 26
14 30
15 30
3 20
37 44
20 31
28 47
8 38
7 29
18 39
28 38
2 39
30 32
20 28
18 38
8 34
5 17
9 36
20 32
13 35
3 26
4 39
1 3
15 34
20 29
3 9
25 43
20 24
46 47
5 50
3 33
5 12
1 40
5 26
33 46
23 44
23 31
16 47
28 43
1 4
28 39
20 45
4 37
1 26
3 32
26 50
32 42
33 50
29 41
1 11
2 3
33 36
5 21
27 35
4 42
5 25
46 49
5 41
31 50
5 49
23 32
13 48
3 13
7 48
8 48
11 30
10 41
35 37
11 38
22 34
13 31
20 39
16 46
33 43
16 40
17 39
7 43
3 34
6 41
14 39
42 45
23 42
10 21
8 19
44 46
35 43
25 48
12 46
17 43
1 5
6 17
40 43
36 47
9 12
6 13
21 22
17 30
1 49
12 22
23 41
20 34
7 28
11 24
12 50
11 27
10 42
32 41
47 50
22 47
4 49
38 41
48 49
13 38
12 36
16 31
32 50
40 44
20 40
27 45
8 20
44 50
29 39
24 39
5 42
35 38
21 45
16 17
35 45
24 38
1 36
3 27
12 32
29 46
12 44
24 40
37 48
35 48
14 35
18 23
20 50
37 50
7 31
25 36
1 16
6 32
29 36
38 45
31 39
13 25
8 49
13 15
38 42
11 23
13 50
9 21
28 45
48 50
31 46
1 38
19 33
12 15
3 46
11 32
16 50
18 33
11 45
24 46
32 38
13 21
4 44
24 42
3 14
9 23
7 35
31 44
18 29
4 15
18 41
17 23
39 44
15 42
22 50
33 44
38 43
15 50
1 27
41 42
8 30
21 44
37 39
36 49
17 40
11 13
16 37
42 44
19 34
15 41
1 30
10 25
23 35
17 49
16 41
1 21
12 33
1 15
3 47
12 37
24 48
22 39
1 33
6 29
27 50
