200 9740 17
-702 -950 -987 -178 15 358 927 -79 -243 438 286 161 523 -698 -699 29 281 -979 -957 -453 155 775 -924 623 84 -398 924 632 -544 -274 -426 899 -223 960 189 149 -15 -87 -177 -860 -626 913 -98 808 328 570 -951 978 550 -501 22 859 -140 -682 -839 -149 -239 -993 240 18 -455 63 -839 -353 -920 774 -732 662 -692 -999 837 229 -337 264 -213 659 530 -681 603 400 527 284 328 196 -862 -499 -432 -94 574 -763 -261 -154 795 525 -202 791 -65 -850 257 360 835 -964 -471 -390 -514 748 -835 -734 -999 -20 -472 -254 785 991 846 665 278 285 -317 65 754 451 -162 704 728 844 -337 -604 333 990 936 -47 178 831 -235 -758 324 530 -114 746 83 -621 -685 -640 441 977 -324 709 -452 -874 53 980 -18 701 646 -877 624 -407 -842 -609 -467 -363 -464 -506 -916 407 -104 -896 273 -737 -820 993 651 747 379 -809 -419 -270 -855 -683 719 -482 945 -830 -568 365 -256 869 505 16 -209 142 612 -566 -962 -537 -83 256 813 -372
26 128
38 157
73 163
9 47
2 16
73 109
184 186
21 155
173 181
109 141
35 101
48 82
96 193
2 19
138 171
38 53
96 162
119 143
35 40
148 176
29 134
94 112
178 187
87 97
11 98
26 101
84 145
40 183
73 196
32 43
71 73
92 174
59 184
142 179
84 156
66 146
41 166
110 127
166 177
138 169
140 166
40 151
118 133
28 113
83 176
46 157
53 115
26 141
172 178
73 90
61 120
40 172
29 168
86 94
157 158
116 179
126 187
21 165
38 156
39 194
39 73
99 110
30 76
27 49
11 45
26 35
41 149
88 139
48 196
157 200
58 181
154 185
122 190
19 141
150 194
75 147
29 56
26 172
189 200
83 134
84 152
106 173
124 160
105 172
105 188
62 165
90 133
62 170
95 135
107 123
61 117
13 73
34 47
18 192
4 55
24 106
64 109
77 146
91 181
35 74
9 34
64 134
103 131
35 191
150 195
104 193
153 197
91 128
34 120
112 144
104 132
30 126
148 198
44 187
57 197
18 188
21 80
35 196
18 160
37 167
107 136
8 39
61 168
49 151
27 39
14 30
14 139
96 156
8 75
45 84
56 109
21 174
143 198
89 168
97 117
2 52
71 92
37 171
69 99
138 164
44 65
151 170
65 183
18 168
40 64
93 97
143 151
123 156
11 47
116 194
98 194
25 84
32 125
38 162
6 62
1 44
16 26
107 146
96 128
59 188
27 154
45 56
40 66
8 17
53 126
5 90
61 87
62 118
130 150
151 183
44 162
73 88
66 115
71 161
20 189
6 105
74 93
33 47
18 159
17 168
172 191
39 164
69 190
94 123
127 153
88 183
15 191
78 131
27 164
48 178
26 110
103 191
67 139
37 164
32 180
88 104
120 153
159 197
107 177
11 20
55 105
67 163
74 149
78 138
49 112
30 147
13 65
10 42
25 55
97 125
76 89
44 134
58 121
1 159
59 135
118 164
80 188
170 179
109 131
124 181
76 107
5 49
55 78
66 129
133 157
37 127
93 164
57 108
47 129
42 91
109 164
114 176
97 192
19 33
2 41
16 101
54 144
169 196
89 158
40 99
72 183
41 115
37 112
109 181
115 166
41 191
100 101
129 137
97 175
27 161
137 191
39 176
58 172
52 184
189 191
146 157
55 174
114 167
82 98
117 191
65 154
8 95
86 124
75 182
72 190
104 171
19 199
65 196
105 130
74 158
135 163
129 174
57 148
73 80
95 122
45 96
107 166
43 123
46 105
2 24
11 108
134 190
3 29
141 158
103 146
25 165
32 47
35 132
138 141
146 167
6 137
104 144
7 111
53 80
32 115
4 133
164 170
66 138
49 89
125 198
10 53
80 85
68 115
69 189
80 144
38 198
10 110
127 146
89 124
134 183
75 106
102 185
59 134
111 181
3 166
51 175
104 109
40 163
106 140
112 125
59 172
38 100
131 139
28 146
163 189
133 190
95 140
69 104
18 52
3 99
73 146
130 182
75 119
15 61
145 195
14 94
10 39
37 45
5 35
39 199
4 11
15 53
91 188
1 196
93 135
171 184
40 164
25 180
64 156
101 192
63 151
17 98
30 122
109 165
58 59
177 186
100 188
107 148
3 142
45 64
23 119
179 200
69 107
82 169
23 177
19 31
68 78
76 130
10 31
35 97
47 82
87 102
85 102
14 153
34 45
130 199
71 163
10 11
51 193
28 85
72 165
59 158
12 107
58 118
55 128
103 104
89 154
123 124
16 134
13 17
113 121
24 117
62 64
175 177
18 112
7 87
51 130
87 126
34 157
89 186
39 180
2 38
27 69
57 96
127 141
31 181
53 125
28 122
17 48
4 35
16 115
65 89
135 147
90 185
8 59
19 30
130 169
131 151
97 128
126 133
161 169
33 118
150 171
158 164
40 126
33 159
9 98
43 196
47 80
6 55
40 180
78 82
101 112
82 138
57 178
178 194
12 149
88 161
87 141
88 166
33 162
12 126
111 193
30 146
7 128
18 37
132 140
14 161
43 49
34 79
42 96
43 160
4 75
24 130
160 194
43 87
51 54
142 158
38 141
95 195
133 169
120 151
196 197
130 170
82 189
34 82
131 156
112 150
6 122
73 131
86 156
42 194
89 169
68 157
130 154
127 133
13 42
121 189
108 161
100 123
42 177
13 59
4 48
165 184
11 182
114 170
43 58
85 195
192 198
127 188
162 187
181 194
23 51
55 166
6 136
36 157
18 110
72 82
75 159
43 133
42 196
2 185
84 136
57 168
139 164
119 184
130 168
86 116
38 123
28 155
47 134
52 115
25 69
13 94
84 191
131 196
174 190
23 144
23 154
12 188
48 113
13 156
21 147
153 198
50 148
15 180
17 61
88 145
127 144
17 179
55 172
20 46
56 178
134 170
129 159
84 89
10 198
89 172
13 139
48 87
15 65
65 94
113 131
59 70
9 192
13 88
15 149
78 147
31 103
45 160
4 64
10 160
47 75
41 131
81 192
94 111
23 159
20 49
118 119
16 151
43 128
14 121
128 139
76 87
15 157
114 180
65 138
2 83
62 125
63 130
3 73
112 141
112 191
5 133
192 197
170 197
30 36
22 90
5 48
95 116
85 161
137 147
76 157
26 144
71 138
39 88
101 141
132 179
21 194
102 123
190 196
37 140
18 137
122 196
17 55
21 26
30 141
42 131
123 166
79 193
10 185
108 157
10 73
11 191
43 143
128 156
78 101
90 99
97 178
74 121
2 32
42 186
52 162
114 196
108 133
11 120
24 165
47 107
14 95
109 189
10 48
99 153
54 134
72 161
153 173
152 166
99 136
103 190
32 165
7 110
22 92
17 196
54 124
30 129
87 104
8 197
40 56
12 193
91 98
18 66
7 181
113 184
79 86
117 162
82 172
17 64
141 157
86 144
151 160
115 200
41 90
113 165
82 96
6 196
41 130
79 179
147 187
12 128
35 157
25 63
17 28
69 186
83 100
110 197
185 195
13 169
46 148
8 139
51 116
112 172
16 92
106 132
66 169
68 102
20 61
60 128
28 68
73 183
32 55
47 171
83 182
35 66
138 149
50 65
33 84
43 52
40 45
65 158
8 142
169 200
81 134
91 125
53 186
4 165
177 184
12 166
80 196
52 186
65 96
117 183
94 136
128 161
14 169
24 143
32 75
99 150
89 193
30 60
45 128
108 149
103 132
138 158
128 132
20 109
86 168
21 182
91 110
111 197
166 199
11 128
184 198
26 147
6 97
15 179
2 188
67 119
20 163
27 62
56 140
31 55
32 104
30 161
112 148
81 117
79 141
5 8
119 162
2 14
171 193
63 189
71 189
84 109
115 142
76 163
30 116
38 67
167 178
38 90
38 154
160 170
45 154
75 164
93 197
73 130
31 184
78 84
60 86
22 142
3 148
117 132
24 159
140 160
75 134
47 126
135 137
41 143
20 122
69 183
58 165
66 161
30 123
16 176
13 151
13 71
12 154
38 127
128 142
28 43
104 151
77 156
11 142
113 116
28 79
136 175
181 198
20 154
33 73
71 75
92 137
86 190
96 184
81 94
68 191
31 140
73 185
55 181
34 176
61 128
129 151
19 133
78 196
27 155
67 98
25 32
31 44
42 134
10 129
145 197
2 165
81 100
97 169
11 26
29 164
48 100
76 194
82 156
55 85
90 159
20 41
100 185
107 114
15 198
36 124
8 163
69 96
98 105
32 127
85 183
39 127
83 196
71 113
48 54
26 86
74 124
79 154
100 128
48 191
29 44
102 168
7 140
13 74
138 160
29 43
179 189
18 54
160 191
119 177
59 141
49 80
77 88
36 135
48 91
85 108
182 200
117 164
105 195
32 189
122 125
86 131
64 90
52 140
38 192
34 107
52 98
136 182
32 152
75 179
3 131
47 96
34 36
54 178
45 99
93 110
28 109
33 62
120 140
55 159
51 97
150 174
48 183
57 180
27 105
90 109
48 174
109 190
56 191
40 146
140 186
68 95
1 172
23 157
140 170
3 26
57 195
13 163
43 178
4 61
63 172
140 181
108 178
133 198
54 64
7 139
14 135
93 105
70 178
63 195
53 185
56 137
40 168
151 159
108 115
93 174
131 165
58 180
22 96
159 175
102 177
60 178
7 30
23 169
37 149
34 169
4 159
44 167
45 164
45 51
97 136
113 186
42 62
145 164
50 129
159 160
10 24
5 117
90 96
29 87
76 136
106 141
38 125
43 167
66 165
134 165
45 91
15 170
12 65
51 142
134 145
18 70
93 157
98 173
45 83
5 53
78 117
1 3
44 195
111 179
159 185
119 149
18 36
125 191
138 156
30 191
80 192
10 164
6 11
24 181
41 169
55 184
126 177
78 96
47 184
14 58
47 164
122 152
7 78
104 120
115 180
27 195
175 189
63 65
50 92
42 180
23 56
124 179
70 134
44 58
2 3
8 47
10 140
73 200
22 124
72 146
75 127
108 184
87 170
14 200
149 181
12 90
88 114
49 141
86 136
95 158
83 113
95 142
3 175
6 154
6 200
153 182
92 193
69 200
33 119
109 130
3 76
133 192
96 199
132 166
127 196
35 46
11 129
185 191
3 13
26 54
138 144
2 109
114 153
164 184
93 199
40 68
5 140
36 63
64 82
1 50
80 106
116 183
129 154
30 100
40 184
40 93
141 188
14 63
21 87
30 127
36 166
96 142
18 67
76 156
17 136
80 169
23 133
34 194
98 150
12 194
156 163
29 152
19 36
78 173
153 160
38 195
21 132
113 178
138 197
69 119
97 180
100 113
41 160
44 185
17 24
44 92
79 195
61 143
23 93
61 172
90 148
71 114
88 199
52 89
18 122
9 142
19 47
50 178
72 105
127 162
49 147
17 125
82 137
75 77
32 184
57 169
134 141
84 151
48 193
85 94
68 135
88 163
97 185
163 179
124 157
44 120
40 87
49 172
124 187
26 183
102 176
55 80
68 112
24 156
85 106
8 81
86 196
9 100
83 187
91 177
76 134
36 81
182 190
180 191
136 137
43 129
38 167
16 154
96 103
96 166
81 84
46 90
6 143
136 152
137 189
119 173
114 148
107 108
44 112
15 131
127 160
78 110
64 174
144 184
55 148
17 104
65 176
16 185
172 180
185 192
29 108
25 139
9 166
59 177
35 112
110 169
16 104
196 200
53 72
1 75
19 129
62 197
23 130
5 170
60 156
92 135
50 74
67 124
65 164
10 76
31 69
128 196
86 192
22 136
18 133
8 178
2 156
110 125
91 96
147 148
126 176
21 162
161 188
15 137
82 87
115 196
102 180
44 163
100 111
73 76
29 114
22 80
28 29
152 189
30 56
13 152
33 55
146 190
25 157
169 179
40 139
62 73
79 104
90 173
78 89
130 160
52 84
69 196
53 99
66 171
59 97
62 152
22 60
46 113
57 125
11 166
26 133
71 143
47 104
96 179
147 198
78 197
57 190
95 141
33 97
37 76
74 160
107 135
44 128
151 187
18 155
10 128
95 108
82 151
47 72
58 148
148 197
156 184
21 156
49 140
29 46
21 38
32 167
68 167
59 175
124 196
130 166
11 69
43 179
23 46
138 152
103 181
36 148
24 34
128 188
7 119
42 149
20 160
74 81
54 159
68 197
13 164
76 101
63 85
104 127
123 189
52 74
98 133
126 144
35 109
48 115
87 166
103 125
166 174
58 106
23 131
60 159
29 126
163 166
90 189
74 184
62 195
121 141
93 178
20 90
52 95
6 170
35 76
23 192
8 129
117 172
98 192
55 58
17 65
53 66
107 182
47 162
42 200
51 172
45 190
127 137
88 187
151 168
5 9
45 57
113 161
100 197
63 188
158 166
50 134
34 100
63 122
32 150
15 139
119 140
42 129
7 98
54 96
10 108
138 189
57 117
180 193
146 188
62 139
62 120
5 45
85 97
45 132
38 164
99 139
66 73
9 101
31 154
9 174
17 200
44 87
176 189
54 161
81 147
64 105
17 97
112 149
75 112
104 172
5 10
61 125
68 93
44 70
46 54
33 156
46 68
18 34
43 152
23 176
108 141
13 149
7 90
27 144
15 116
50 128
58 82
7 53
116 191
136 193
29 169
111 184
53 107
19 190
35 152
9 38
28 98
39 140
42 164
92 157
27 89
30 31
19 171
148 177
50 153
99 128
17 84
83 97
174 187
88 200
86 173
9 110
128 162
47 187
69 156
72 106
61 162
23 62
167 186
131 132
3 74
84 135
103 147
117 131
161 166
92 112
7 37
97 101
32 95
8 29
17 69
79 114
12 95
164 176
7 137
80 131
91 122
37 176
2 101
128 181
103 112
59 156
73 143
99 174
130 183
18 190
128 193
32 84
22 194
141 192
36 95
19 27
11 83
98 131
32 71
55 149
32 64
43 79
101 134
124 199
66 77
95 96
10 134
39 112
71 150
49 107
184 196
43 44
53 104
138 187
77 117
57 71
98 183
117 118
10 14
119 165
143 169
26 74
66 151
54 132
10 16
38 189
46 101
108 188
73 141
10 98
94 110
8 141
103 159
80 94
42 114
106 138
84 146
39 94
35 200
75 84
134 147
6 69
87 133
62 191
160 179
23 65
91 196
85 187
134 185
87 162
93 175
1 166
51 151
12 132
137 195
16 168
182 194
35 87
40 75
125 195
120 193
130 172
58 167
26 131
103 192
114 155
14 61
133 152
69 150
87 146
17 29
5 150
76 123
39 57
77 97
29 32
21 102
51 56
28 198
110 155
22 126
28 47
113 173
75 144
64 84
67 171
66 166
137 150
98 164
12 187
43 51
17 21
155 168
70 95
12 47
22 123
5 180
76 159
39 161
52 139
39 197
55 167
10 52
67 92
144 148
86 129
106 166
4 192
148 155
59 82
2 42
158 179
33 69
47 93
106 121
37 77
46 91
94 188
94 152
51 111
85 155
132 200
43 60
117 155
77 99
80 103
3 164
20 135
153 196
85 92
81 187
112 136
39 182
124 156
43 112
37 60
13 174
9 51
96 98
42 92
56 183
6 167
68 96
16 27
15 141
69 169
12 148
47 49
4 20
44 184
121 193
117 135
50 80
24 160
151 191
91 109
53 68
146 181
37 162
128 170
60 196
35 94
5 162
54 118
185 186
10 54
104 170
21 77
73 166
100 147
62 143
51 145
27 87
38 130
29 109
2 117
33 130
187 196
29 166
33 185
125 164
92 182
118 154
33 142
8 159
32 190
18 197
79 172
88 177
71 126
31 188
4 174
91 114
50 103
57 164
61 161
119 148
141 175
131 159
13 106
26 27
146 161
130 184
110 180
86 142
78 116
44 73
128 145
78 125
84 115
13 194
59 196
12 123
76 190
9 182
102 144
57 95
105 171
124 193
53 74
67 157
104 168
22 199
119 172
18 109
48 67
62 77
25 29
32 138
57 147
108 193
24 90
24 67
126 184
156 190
12 80
11 179
22 42
53 168
107 190
58 104
15 197
143 195
9 39
22 174
26 81
70 108
76 86
37 67
95 154
3 144
31 60
44 114
136 174
6 148
110 116
53 88
48 173
20 26
50 76
30 99
80 161
8 49
183 191
17 83
166 193
69 191
12 165
3 115
155 187
4 178
13 122
107 132
143 179
26 84
163 164
31 84
35 190
47 190
98 160
107 151
57 79
9 112
43 195
45 65
133 141
8 149
147 156
14 183
146 150
81 172
131 136
102 141
118 196
76 167
92 199
147 151
32 134
21 124
53 149
63 133
167 198
19 72
11 156
69 116
60 186
129 184
55 139
43 157
44 132
146 194
109 136
34 171
63 173
62 130
98 139
15 143
111 132
123 167
29 119
43 110
2 54
7 28
100 119
157 170
174 188
44 175
38 169
57 70
1 22
73 127
35 149
85 131
9 129
82 120
33 167
13 157
116 186
13 110
38 161
36 142
18 156
75 154
43 170
18 126
113 169
48 58
77 160
46 120
11 41
63 167
7 38
10 66
64 164
87 120
76 108
107 121
56 80
12 66
7 170
16 105
38 134
89 91
117 142
42 167
1 167
5 100
1 93
136 180
66 156
4 10
43 53
6 46
153 174
5 78
24 178
47 102
38 64
20 79
28 52
64 74
139 172
56 198
46 81
124 139
34 134
75 177
8 132
147 184
82 170
102 126
41 155
152 191
32 85
145 198
24 96
48 188
73 162
5 160
50 159
3 91
22 119
124 135
90 176
17 96
153 184
9 177
60 197
86 170
18 98
11 31
38 93
63 90
152 194
115 156
158 172
125 192
24 162
165 183
31 195
145 152
11 15
6 15
109 135
77 194
95 194
69 109
143 187
170 176
10 45
162 179
66 94
42 71
56 76
4 23
12 62
13 60
35 81
29 162
81 96
36 45
95 162
37 82
44 142
8 52
22 185
141 199
43 139
125 128
31 92
13 120
28 48
10 25
11 122
60 148
60 62
22 109
97 146
29 176
143 190
38 196
93 194
165 194
118 151
26 192
73 139
130 189
17 158
32 142
107 180
126 175
81 175
33 89
28 100
3 114
63 80
112 128
100 178
73 95
79 170
81 180
132 161
117 124
55 93
165 188
25 107
73 177
32 40
69 87
7 176
68 104
32 151
55 161
136 200
27 59
136 148
115 190
44 96
16 155
51 81
47 100
58 102
125 172
113 136
108 142
15 173
160 184
92 197
115 123
35 60
20 56
5 178
75 104
70 118
133 164
70 171
54 99
95 115
46 83
80 117
5 168
21 23
74 106
2 149
22 31
34 149
104 200
97 98
147 149
4 175
142 170
101 190
20 45
59 173
11 137
86 134
27 119
18 171
1 109
96 185
36 84
30 118
52 135
87 99
7 178
38 102
100 195
30 170
35 78
15 134
20 37
25 61
12 190
73 161
27 173
7 32
103 175
38 106
56 131
73 105
110 191
19 79
61 178
93 195
84 165
44 88
16 98
91 157
76 118
30 139
18 86
63 78
34 154
26 186
18 172
129 175
34 76
74 163
86 180
48 160
120 197
50 145
118 190
46 147
61 78
36 168
130 161
121 124
130 196
61 102
115 194
72 97
113 193
28 125
64 91
94 198
91 116
41 100
26 70
15 144
22 23
6 176
2 4
32 131
10 100
21 56
25 183
16 67
119 164
36 70
53 144
5 129
35 183
86 117
53 173
102 133
4 188
19 91
16 56
25 46
162 163
150 156
47 170
17 37
11 176
34 126
9 200
23 173
23 113
10 64
122 132
81 152
29 68
50 83
2 80
31 63
132 185
35 65
110 173
53 57
4 46
150 158
103 127
100 109
41 178
42 199
67 190
81 176
130 192
101 102
13 126
73 128
25 95
49 169
104 106
78 106
102 134
12 146
62 86
21 69
23 127
25 162
5 142
78 104
8 179
74 75
7 22
76 102
42 191
199 200
128 198
18 145
29 141
86 191
12 104
103 154
29 54
18 115
30 52
119 180
140 159
18 158
14 128
65 75
91 129
32 161
36 93
118 199
131 157
56 195
142 165
63 174
70 94
72 171
8 184
4 162
15 59
85 149
21 31
85 103
137 181
20 99
40 48
1 163
53 178
148 154
41 184
21 143
25 91
10 104
172 198
62 178
83 152
14 162
159 194
23 74
46 80
52 167
129 143
71 98
87 142
46 183
76 113
25 117
69 164
57 172
107 168
84 99
120 128
27 192
85 148
132 165
79 119
39 126
13 175
1 155
44 181
74 76
32 100
1 146
33 132
36 140
35 118
74 98
102 115
78 83
117 187
51 69
12 155
178 181
68 137
112 163
41 180
91 93
164 193
117 133
7 86
27 117
19 35
63 191
10 79
127 156
156 196
54 145
29 156
23 132
25 197
64 93
84 166
77 109
14 77
56 85
16 34
57 69
79 197
83 153
17 90
165 171
72 152
158 182
9 187
40 196
153 191
28 132
40 96
89 109
22 193
137 159
70 104
93 184
78 170
76 148
32 185
128 140
59 199
48 66
114 127
73 106
136 196
76 132
145 193
76 114
45 144
169 198
66 152
42 185
101 119
80 189
54 176
132 189
158 194
58 157
25 99
29 144
48 192
23 106
22 189
12 61
3 24
112 161
27 128
70 165
13 108
87 176
38 39
14 165
86 105
24 63
14 82
140 168
78 87
69 84
22 48
64 79
4 30
100 103
49 195
96 174
76 116
42 81
76 142
37 139
176 187
18 118
11 102
57 153
64 114
29 88
52 182
17 51
24 52
151 186
116 170
15 95
99 141
60 154
6 66
74 139
74 104
137 146
145 170
3 150
18 25
68 154
101 122
60 110
143 167
26 115
52 198
12 88
85 138
160 178
80 173
101 173
25 128
16 127
103 119
38 40
14 147
182 199
57 165
77 139
112 197
96 155
87 132
56 149
16 68
48 75
129 197
32 136
21 123
25 133
124 150
36 41
14 59
26 195
66 195
40 157
78 100
20 28
145 177
111 121
21 116
114 134
24 35
144 157
63 155
11 75
7 187
112 130
94 170
38 171
61 150
79 153
97 108
70 112
48 93
5 188
184 193
33 125
4 199
49 164
41 106
24 45
34 153
5 11
35 153
168 187
17 123
57 60
99 172
151 200
33 151
95 192
121 161
62 112
22 81
25 167
83 191
51 150
119 133
20 42
40 117
31 57
61 104
119 198
12 79
105 160
25 75
8 162
16 112
91 176
105 179
35 91
122 151
37 141
24 152
18 89
51 199
130 186
56 119
141 176
118 192
49 154
165 166
52 108
12 100
37 83
27 140
122 155
82 105
117 141
70 181
153 167
25 173
172 187
8 151
29 124
63 89
99 147
30 132
30 159
66 172
58 152
142 173
153 183
17 140
17 39
117 147
133 137
76 84
30 193
93 116
41 61
145 165
59 99
48 62
33 191
12 45
34 48
61 147
135 184
72 148
88 151
71 173
155 157
63 190
89 185
75 100
79 130
5 153
24 180
148 172
74 183
119 189
4 14
81 154
51 184
82 166
77 85
103 167
12 108
11 65
120 125
27 197
19 117
45 168
94 185
166 169
63 127
78 107
46 128
111 172
22 176
25 92
69 100
71 180
84 117
130 162
31 197
65 116
88 140
52 112
73 158
25 135
56 82
72 187
44 154
39 168
84 188
65 192
98 161
104 163
108 138
39 196
48 164
91 140
68 89
70 71
97 118
180 199
54 74
8 66
46 89
48 83
80 110
91 156
3 200
14 189
81 99
111 126
2 144
97 129
15 74
93 137
64 127
49 70
130 200
58 94
37 55
50 175
53 145
4 74
134 142
33 37
18 78
149 170
16 82
11 192
59 128
17 110
103 180
56 102
85 154
91 99
4 166
56 99
137 192
82 88
161 184
3 35
116 187
45 123
67 125
116 173
82 163
31 130
54 155
94 119
37 135
63 121
64 196
20 81
16 21
70 173
10 182
65 123
137 157
43 120
91 107
91 179
39 55
94 182
40 124
74 172
26 166
174 184
95 163
86 143
77 151
85 130
104 181
112 188
69 128
7 168
21 46
59 120
79 157
116 189
36 83
17 95
99 112
74 148
63 96
28 80
127 138
47 195
115 129
23 114
29 98
48 122
110 136
88 189
3 158
73 153
49 167
94 120
10 196
174 179
97 158
133 148
147 189
43 45
56 112
97 116
60 143
39 192
51 119
70 143
85 188
128 157
60 101
105 109
74 200
132 151
18 129
79 117
90 193
66 67
46 88
62 116
35 108
95 145
122 184
3 145
19 138
13 176
151 157
47 175
121 173
33 74
162 194
64 101
85 107
65 194
91 191
120 127
7 177
49 58
46 72
22 107
53 106
156 179
81 198
94 158
18 75
76 138
143 180
92 104
139 200
87 183
24 194
27 110
129 148
43 71
87 140
86 91
15 84
84 177
34 72
126 174
104 135
102 154
58 176
90 168
24 146
3 51
63 91
45 143
125 154
92 184
62 126
95 112
19 101
83 146
1 128
18 194
47 176
69 160
104 136
126 166
16 196
72 85
7 94
23 183
77 168
3 53
50 101
127 189
51 165
88 174
19 40
37 50
127 195
27 142
32 102
87 168
44 138
104 147
90 110
69 179
49 160
27 190
173 192
27 43
81 179
146 187
98 168
57 179
91 131
3 94
183 194
42 115
60 70
51 148
55 141
121 144
53 75
108 165
28 192
4 146
64 119
68 82
10 121
67 91
136 141
3 11
88 90
119 183
114 181
96 151
43 169
52 168
69 175
123 187
94 102
32 173
104 186
60 74
45 149
126 147
53 111
20 72
66 184
102 181
26 120
41 105
67 74
118 198
34 112
180 196
140 145
107 116
159 174
29 96
112 168
58 83
68 91
22 175
15 183
44 111
80 182
39 136
135 136
79 161
119 125
18 91
35 72
7 162
35 92
7 160
14 73
58 62
63 147
10 92
74 151
81 110
37 147
63 118
55 89
12 114
34 108
172 197
38 45
149 197
25 171
54 130
104 124
92 117
163 183
36 60
53 159
63 143
134 166
75 168
25 86
31 79
106 152
58 107
3 149
115 132
61 164
23 181
41 91
116 174
27 48
125 171
141 171
173 188
10 109
10 131
22 138
15 130
10 34
29 188
41 113
125 176
152 186
4 125
63 73
1 36
8 158
155 165
99 115
47 97
26 124
42 127
54 107
2 53
141 200
17 49
15 159
129 166
174 193
55 198
44 108
23 69
108 124
57 149
136 156
67 180
128 155
21 72
17 43
15 125
8 194
34 146
66 182
28 179
76 129
122 185
5 148
17 118
56 194
16 184
27 41
74 87
35 160
39 60
89 96
56 118
5 192
81 90
26 148
118 174
88 137
126 129
53 176
128 186
16 114
185 194
1 66
28 154
86 151
20 57
169 171
66 142
35 171
37 48
165 176
5 70
77 196
109 160
64 175
14 120
122 200
99 151
20 134
86 141
49 146
8 25
71 168
71 186
74 125
21 171
89 103
39 122
116 182
58 90
3 78
96 183
78 88
3 121
64 180
71 125
113 141
35 80
29 131
82 197
134 178
83 199
74 170
56 155
74 196
8 123
68 134
34 177
92 177
54 63
85 171
65 173
35 158
122 181
90 179
54 83
75 138
46 100
53 112
13 133
27 35
19 78
60 93
145 191
93 100
41 49
4 160
44 126
38 89
14 37
57 188
5 101
32 143
94 97
82 121
24 60
136 151
11 165
9 40
49 85
141 169
113 139
148 183
53 97
26 60
116 148
70 84
105 163
56 84
33 40
49 101
54 117
4 156
135 193
37 79
170 181
8 199
26 114
176 197
116 142
8 130
113 163
16 96
55 126
55 62
164 172
4 179
46 153
41 109
91 117
85 99
106 171
100 120
11 34
144 196
94 129
47 76
73 108
40 100
16 175
154 177
9 91
160 167
6 17
124 129
85 151
24 183
77 105
5 68
44 125
151 173
76 115
7 91
75 143
146 164
75 94
104 141
60 84
36 159
106 129
95 178
44 105
166 196
118 159
3 167
5 46
125 133
19 111
17 116
116 196
127 186
112 127
63 159
46 111
53 199
5 134
110 161
109 191
67 90
62 169
118 124
138 193
37 66
19 115
2 170
41 185
127 199
124 126
31 121
120 122
38 168
56 153
78 115
101 142
141 173
55 82
39 104
75 103
55 76
96 152
2 13
105 198
189 195
173 174
9 198
114 174
147 182
5 174
67 105
80 143
28 50
64 83
88 159
13 80
8 103
88 194
25 70
120 188
14 196
13 123
47 86
39 100
72 191
29 133
111 145
6 26
27 56
54 147
43 81
29 145
9 16
43 124
41 199
50 62
43 130
2 74
75 174
105 162
106 109
18 105
102 183
79 155
83 145
96 140
55 84
138 151
41 117
15 83
149 200
137 185
90 105
126 191
92 151
103 108
39 151
101 104
58 109
47 61
131 200
73 107
41 134
61 112
14 44
59 165
140 180
81 193
62 119
94 187
120 134
60 180
87 131
68 169
1 154
33 85
118 172
73 174
62 156
94 189
77 104
5 106
154 176
40 101
25 73
12 18
69 124
16 153
58 160
38 81
77 189
131 193
11 37
18 50
74 146
36 170
86 88
101 185
111 159
22 95
118 140
164 199
41 128
3 66
127 184
57 144
2 89
151 156
49 136
24 58
139 152
29 184
90 177
7 65
136 195
9 155
21 41
107 143
40 63
97 113
127 159
6 7
24 182
182 196
88 138
23 168
45 153
86 107
22 116
87 110
125 158
115 140
31 34
43 184
81 166
95 114
42 122
6 91
44 97
50 72
54 129
100 122
37 52
104 166
19 179
178 195
40 47
59 200
8 51
128 176
19 44
7 60
135 200
47 192
61 167
153 177
92 103
9 114
27 133
12 22
12 138
179 196
85 199
51 70
91 159
168 191
18 157
6 152
96 120
28 187
97 173
34 136
151 163
4 140
37 93
147 161
55 169
96 129
9 36
79 134
73 176
12 15
11 136
60 145
16 38
86 89
107 134
15 194
55 95
43 74
33 163
150 199
112 131
63 177
5 61
123 125
51 179
33 127
30 114
17 44
84 111
47 153
25 172
47 173
71 111
47 196
97 159
119 163
97 182
61 179
25 200
9 83
41 174
71 108
43 55
69 139
18 183
21 85
8 200
52 141
39 114
144 167
4 134
56 72
50 149
66 89
15 186
131 149
179 186
39 65
38 148
133 166
92 136
133 146
87 93
165 172
4 88
33 175
101 162
133 159
107 119
87 187
34 188
141 162
114 141
101 129
145 163
110 165
39 175
85 160
69 171
114 172
13 119
1 139
25 155
39 78
16 157
48 129
36 180
47 125
112 198
89 159
32 62
16 18
96 196
115 141
52 169
33 121
19 100
54 92
108 156
109 121
61 127
32 178
31 126
178 185
168 188
106 175
153 181
74 88
11 53
9 21
135 148
9 82
72 110
19 188
19 46
80 118
37 124
5 55
80 91
51 85
134 195
56 156
21 139
37 146
149 150
47 148
55 92
85 100
26 184
158 185
116 157
89 99
74 78
120 180
89 114
71 192
192 193
43 163
30 148
37 80
45 97
2 21
18 77
9 133
117 137
21 70
109 188
13 62
118 147
141 168
82 152
78 99
164 179
28 63
186 197
20 176
32 162
39 76
60 102
110 184
59 129
142 154
49 193
4 59
7 196
88 133
13 85
21 29
19 62
159 163
76 145
57 99
29 33
31 169
172 195
43 175
104 180
37 173
109 172
60 91
89 148
84 148
5 112
36 115
84 182
22 128
99 167
134 173
34 86
109 138
58 100
12 32
15 23
128 137
117 192
123 160
97 194
40 116
61 126
21 152
18 21
39 186
63 187
59 116
24 199
109 128
11 153
4 124
54 69
73 178
5 126
39 187
49 196
4 67
95 109
8 18
64 137
18 23
58 170
32 128
36 102
101 165
80 158
63 144
30 166
12 110
10 127
75 158
71 120
84 131
111 146
62 79
62 99
21 28
30 124
22 159
5 109
35 161
55 96
5 124
6 195
130 194
38 82
99 197
115 158
70 195
7 34
89 181
10 141
19 66
22 84
65 193
114 125
187 191
171 189
107 139
152 177
94 197
1 70
28 56
88 184
33 188
5 121
47 137
41 168
68 110
39 74
37 70
150 153
152 175
177 188
121 175
24 144
12 33
24 41
37 151
92 120
7 166
33 128
40 77
83 128
16 198
82 160
61 145
171 185
82 158
56 185
50 144
125 166
1 151
102 109
40 176
23 125
180 192
83 162
112 120
24 61
156 161
46 163
126 173
128 129
35 61
68 122
83 200
68 113
87 147
54 152
5 123
23 84
158 174
56 132
46 78
14 142
117 129
30 88
32 199
36 38
24 113
98 144
18 59
39 84
2 134
75 173
12 58
84 195
31 52
83 163
152 200
50 141
1 21
36 183
163 165
55 135
9 118
94 178
40 113
170 173
155 192
132 146
88 116
46 73
61 180
58 147
1 74
159 186
25 129
121 165
123 173
100 170
87 134
11 43
91 174
64 110
109 186
3 98
60 134
41 66
82 176
78 102
103 111
22 135
155 180
83 151
164 197
119 155
12 200
173 180
42 130
119 187
6 190
28 71
56 192
92 118
57 121
36 104
25 45
54 72
83 99
104 161
142 188
21 50
2 91
30 67
115 187
38 48
92 145
42 157
141 149
79 158
17 53
68 148
26 43
95 151
56 58
69 85
18 179
144 149
53 152
131 163
65 139
1 71
86 96
18 27
113 126
12 14
34 58
8 186
144 194
108 151
33 42
39 115
145 186
101 158
178 197
17 194
5 79
132 172
37 98
67 184
140 182
95 175
51 84
59 74
29 84
17 173
15 133
45 77
40 142
74 186
131 133
63 197
92 102
45 78
50 193
93 98
148 196
70 172
98 193
60 189
101 197
112 171
166 182
134 199
10 58
38 80
145 159
11 72
39 70
59 87
26 107
68 199
87 199
84 95
137 186
36 44
15 122
47 64
59 113
100 155
146 151
39 162
100 149
86 100
111 123
58 130
1 12
29 58
30 187
178 192
6 18
35 121
103 199
85 189
138 159
127 165
104 183
73 121
37 134
22 115
99 114
18 184
115 117
70 166
106 181
28 175
26 68
69 195
38 50
106 149
109 197
149 173
33 115
9 127
1 32
171 176
102 162
125 136
125 131
61 84
12 180
2 172
6 30
44 194
61 132
174 199
53 117
89 138
14 91
5 12
73 75
18 111
65 126
165 167
27 77
81 178
21 91
66 112
53 85
7 141
80 88
41 133
89 106
26 98
67 85
81 167
51 174
108 150
46 84
51 123
157 161
106 185
57 82
22 160
44 146
84 132
38 97
155 159
13 21
142 193
21 135
54 158
69 102
174 178
21 192
92 100
110 189
15 140
76 197
87 144
105 183
39 59
105 134
8 192
10 106
50 164
84 103
146 169
77 81
81 200
149 172
51 132
6 194
22 88
23 126
46 103
3 71
16 59
47 179
38 52
97 123
46 61
50 105
111 180
40 160
16 162
93 183
17 126
69 133
28 60
111 190
55 116
102 143
60 122
38 113
153 193
40 67
28 102
28 126
100 167
150 176
18 164
1 35
27 136
75 163
15 20
61 190
1 67
14 18
17 25
4 116
113 187
70 158
109 123
76 111
9 26
106 134
15 64
43 190
22 147
104 196
163 177
54 135
93 173
48 63
166 181
127 197
20 116
21 48
122 144
126 199
182 198
83 107
15 152
34 66
151 154
49 176
109 147
55 153
56 142
80 170
146 198
31 81
146 156
86 160
131 184
22 191
57 89
4 38
77 78
94 153
39 167
159 191
75 86
34 181
55 81
44 159
69 90
45 193
81 182
107 159
165 182
87 177
72 140
84 169
55 127
12 171
66 134
61 92
105 132
94 167
79 125
52 56
1 77
96 132
119 192
19 86
85 145
192 196
46 161
86 161
139 167
78 200
160 193
39 50
25 64
35 39
187 200
6 77
118 177
20 157
32 160
48 117
44 186
115 154
88 197
123 140
26 200
56 190
4 167
24 42
53 156
9 88
47 53
23 41
77 83
34 160
41 123
92 107
22 103
36 78
5 128
60 158
6 157
49 191
80 116
54 76
27 126
30 40
70 129
1 127
102 156
21 117
74 138
90 115
37 160
64 166
28 135
10 169
24 186
40 125
34 183
49 62
132 154
25 125
113 172
147 160
19 176
13 26
97 103
39 103
1 11
1 174
51 182
34 116
45 79
81 189
36 108
110 141
127 174
19 54
19 139
17 139
79 160
83 124
7 29
38 104
8 135
24 132
27 29
144 197
46 65
31 100
17 127
25 143
5 69
142 186
5 139
51 63
92 169
12 167
167 183
73 85
14 176
23 95
100 139
104 140
100 165
36 163
28 42
126 155
73 140
51 188
29 194
14 148
13 14
25 177
94 165
88 97
17 70
4 63
67 133
86 175
65 179
27 166
54 191
66 188
59 174
3 56
124 182
87 200
66 144
42 123
74 145
123 126
105 144
10 180
59 67
97 110
13 32
8 93
66 95
78 193
56 199
98 184
51 164
27 179
9 122
37 108
23 111
37 152
100 124
50 112
91 136
60 129
1 119
195 200
139 192
83 120
124 152
98 143
39 91
91 138
41 92
25 111
145 188
6 8
137 198
43 134
144 171
49 144
94 134
45 120
83 171
62 146
17 73
85 162
141 146
9 150
33 102
3 77
111 151
28 151
8 24
136 159
20 164
99 181
92 105
45 94
125 130
24 69
19 122
6 111
116 156
118 130
123 153
145 199
55 180
190 198
166 188
7 11
139 196
4 109
49 97
76 160
78 188
19 120
30 134
37 63
92 148
98 108
87 171
102 169
31 118
49 181
134 198
68 155
57 157
103 186
185 190
53 200
25 62
15 34
76 149
89 149
80 168
31 105
54 131
86 138
106 172
113 156
60 174
145 151
150 164
106 180
81 123
73 160
2 121
62 182
154 166
117 173
48 59
96 157
75 161
139 171
85 114
44 74
4 99
41 136
33 52
43 96
30 142
101 176
32 57
70 78
76 195
46 107
104 176
131 167
31 82
54 114
178 180
35 175
12 52
65 101
63 97
12 106
143 175
13 101
9 180
32 80
66 167
33 45
48 97
25 98
54 199
3 104
28 200
77 111
6 39
107 176
53 120
27 80
31 175
93 154
11 39
69 114
58 142
133 191
30 200
29 163
25 60
18 100
138 165
67 72
4 128
82 99
7 154
22 58
1 170
162 168
118 195
41 116
66 106
60 79
45 72
81 151
3 128
82 129
1 59
13 45
17 76
14 48
14 110
23 120
36 75
42 93
102 111
122 191
166 186
5 197
143 156
1 23
18 64
145 154
127 128
11 104
61 166
8 148
147 163
84 139
68 200
108 118
4 43
69 148
135 143
122 161
13 167
3 190
132 195
82 93
29 83
81 102
139 149
68 174
50 177
145 179
4 170
63 193
39 109
184 188
99 164
139 170
33 158
49 94
58 177
112 119
111 137
42 154
11 200
72 157
14 126
56 163
139 153
67 106
42 126
55 97
23 116
80 178
93 155
47 199
108 121
82 107
109 126
162 173
149 166
24 50
163 186
69 180
70 136
9 124
85 192
46 154
69 182
3 151
49 184
150 178
14 113
62 68
4 152
42 175
12 16
98 152
47 182
100 137
50 170
96 182
137 166
24 39
84 186
15 188
134 172
136 142
136 158
43 136
41 96
138 150
33 144
77 186
89 145
4 86
142 190
166 198
83 106
27 113
18 29
23 61
132 194
59 118
104 107
38 59
18 162
47 103
51 194
83 115
14 34
79 177
80 135
144 189
35 133
181 196
69 193
32 158
142 184
19 175
12 29
79 151
15 129
90 119
16 118
25 123
8 69
99 107
62 160
82 146
35 176
10 145
25 145
141 189
119 161
14 57
99 152
74 127
196 198
131 145
37 174
94 95
28 41
90 129
71 178
37 94
115 178
88 136
96 181
54 189
39 178
38 105
114 136
56 200
60 65
40 149
67 185
29 91
71 144
48 84
22 87
52 174
161 178
56 95
60 107
32 166
83 139
60 135
46 129
67 147
83 192
30 108
64 197
132 190
37 166
5 47
8 113
150 197
26 161
76 98
42 195
117 197
12 20
38 149
54 66
132 163
62 153
25 190
131 147
63 182
19 198
121 158
3 192
68 86
72 117
58 110
27 79
76 169
62 101
151 171
31 98
30 65
14 90
49 73
61 163
33 169
1 190
81 106
90 158
45 200
45 68
25 118
15 148
26 129
101 189
50 94
9 128
72 189
30 47
44 191
54 173
61 110
97 105
91 148
70 130
71 74
29 123
89 192
63 114
3 168
5 164
61 152
54 165
191 197
5 135
82 180
6 160
147 150
76 99
49 185
40 167
103 183
74 181
7 152
13 90
116 117
56 133
103 150
37 99
86 92
38 188
52 119
82 154
49 74
2 146
45 135
11 172
59 168
21 127
33 94
149 169
9 188
83 87
126 148
8 44
120 126
7 80
55 150
12 81
44 192
43 187
139 180
31 150
6 87
77 124
110 195
8 90
89 176
27 83
75 88
86 152
14 164
31 185
3 14
102 184
34 168
101 148
26 190
131 158
1 157
5 169
31 128
140 164
78 108
2 177
101 194
2 151
6 178
60 81
121 172
125 184
60 72
6 89
31 136
63 140
26 164
14 26
43 86
21 154
56 74
195 198
106 122
54 153
65 97
45 182
4 102
115 131
18 62
1 164
12 51
2 66
26 97
68 188
101 130
22 86
126 143
139 194
105 193
7 175
94 117
91 106
109 171
16 130
85 186
4 87
2 61
121 134
14 115
136 165
44 151
140 155
116 131
49 71
166 175
7 173
16 69
159 162
138 145
185 198
57 138
143 148
127 167
2 126
2 145
79 102
19 130
18 60
72 131
3 100
19 22
77 164
41 175
63 150
22 30
47 158
9 137
19 123
6 147
92 130
28 186
89 122
96 153
6 31
26 125
56 77
32 108
26 51
108 172
8 108
18 148
22 188
89 153
121 154
59 138
72 200
56 161
73 198
47 106
88 110
4 119
129 130
21 27
47 95
24 77
119 153
72 128
76 178
77 143
98 166
20 179
50 113
34 200
132 191
18 80
50 66
78 129
128 178
80 179
14 62
50 70
82 125
45 118
86 137
70 153
61 106
21 58
132 133
74 175
12 60
13 190
27 169
14 32
49 119
113 144
73 118
156 193
55 109
95 165
122 148
13 104
27 54
17 137
16 84
62 131
46 192
84 167
36 105
82 196
9 157
58 60
65 66
109 118
54 163
49 61
39 158
32 37
75 87
73 77
37 74
66 196
93 177
52 90
117 152
23 30
28 37
37 156
168 171
37 200
170 193
3 55
22 139
5 20
43 200
183 187
51 177
12 44
35 187
9 56
142 177
38 178
188 191
77 106
59 124
58 182
154 199
154 178
53 197
76 103
30 95
137 158
17 156
21 79
57 160
62 157
42 89
129 134
48 140
39 51
102 129
77 169
124 174
139 166
7 191
86 90
7 101
22 146
5 167
10 159
3 116
49 87
94 109
106 112
153 176
86 120
15 55
8 62
116 159
5 25
40 190
42 187
42 136
120 133
10 47
14 131
49 50
25 120
20 192
74 100
25 163
40 123
7 136
5 173
7 24
86 189
83 177
9 28
120 170
114 131
23 71
109 155
63 87
1 181
186 188
188 197
46 87
97 138
66 160
66 80
41 129
78 199
115 192
139 185
168 190
51 125
76 81
165 178
7 108
24 44
41 198
53 191
55 100
153 178
34 198
63 125
104 118
13 16
112 200
11 170
30 173
122 198
108 195
26 103
26 149
72 177
152 184
91 145
17 86
68 111
159 193
26 94
33 186
66 81
43 82
34 94
17 152
77 115
125 170
36 74
140 193
72 186
3 130
103 148
56 150
10 37
47 198
36 91
16 146
82 145
10 18
98 99
54 138
113 115
81 126
2 69
83 89
39 96
29 106
7 109
46 195
125 186
121 199
1 101
81 103
12 189
109 145
52 191
65 85
89 137
85 91
33 155
168 194
14 25
23 175
16 62
32 172
34 173
48 135
101 170
51 200
3 83
112 124
15 185
34 161
99 129
98 111
37 181
15 113
134 184
89 133
11 33
100 200
16 42
169 177
73 94
55 118
31 124
66 109
88 142
100 171
138 180
4 168
152 180
93 102
63 148
14 92
86 169
125 182
58 189
44 79
111 143
19 116
18 106
177 199
102 145
152 192
52 129
13 67
33 184
137 143
155 198
107 158
48 126
58 131
159 172
123 155
137 190
109 185
152 185
21 121
26 168
3 122
10 55
1 34
29 59
66 168
64 77
29 181
106 155
7 114
71 160
100 174
119 196
33 183
2 175
88 146
11 123
11 35
100 182
101 115
34 62
16 102
51 95
14 98
86 125
41 52
158 163
111 134
108 129
96 158
2 45
55 123
105 151
176 177
64 128
19 182
13 68
67 120
20 114
33 136
149 193
2 138
22 104
29 103
6 113
85 146
65 191
93 139
57 129
31 56
66 101
10 29
20 52
29 161
32 99
96 159
100 104
114 126
14 191
68 83
54 125
100 163
23 63
9 19
136 153
20 30
95 121
125 140
52 67
60 64
66 92
103 141
31 182
24 170
30 46
85 179
23 136
13 150
69 185
94 141
41 74
74 130
8 55
22 65
73 156
165 173
19 61
108 160
74 77
14 134
23 52
38 117
28 117
111 152
2 56
23 166
62 188
76 171
3 12
13 178
148 186
74 79
139 178
30 33
12 96
73 79
34 99
59 100
8 26
54 121
119 121
34 114
82 139
122 129
82 84
34 199
83 154
46 197
58 146
51 93
58 192
87 96
47 121
47 52
52 173
48 107
25 161
4 113
9 111
84 94
28 65
34 189
42 148
27 151
14 53
37 158
64 177
38 143
10 115
41 99
77 179
52 195
58 115
42 55
24 98
129 162
107 198
130 175
67 142
84 190
7 165
56 97
83 184
182 197
60 80
64 170
95 190
152 196
83 121
8 60
33 44
88 119
51 160
14 179
86 182
140 190
21 101
162 193
101 186
41 161
75 181
138 148
29 154
91 111
12 59
18 177
53 55
117 161
42 166
12 168
72 134
24 134
3 85
112 118
114 115
167 187
74 86
56 182
36 92
129 145
112 159
6 42
6 134
50 137
77 162
16 187
97 104
32 116
2 193
53 89
37 128
57 135
23 129
25 147
70 82
149 190
79 162
11 85
24 147
83 135
19 186
7 135
34 101
28 72
95 131
40 43
23 147
46 156
66 199
74 96
41 102
16 172
87 150
79 131
67 82
67 115
50 75
161 194
37 71
101 199
173 177
20 178
4 39
11 89
45 98
114 166
43 127
39 107
12 105
63 66
76 122
5 37
97 157
96 139
30 121
24 148
39 143
19 23
16 85
145 184
38 98
80 152
11 150
121 125
138 194
169 175
195 197
62 97
105 155
12 119
8 198
164 177
60 184
59 152
47 194
35 54
87 190
17 192
128 163
101 198
38 120
130 178
16 158
7 54
16 156
19 29
36 133
58 144
130 140
53 160
131 191
105 118
122 197
2 88
133 195
123 162
130 179
96 135
11 58
37 84
36 127
127 180
20 89
140 195
21 172
36 192
27 90
27 99
120 176
63 200
100 176
12 174
76 133
6 59
37 165
118 184
144 151
46 122
79 191
99 158
28 53
38 114
69 187
13 51
6 164
36 96
64 116
73 152
3 6
65 136
98 157
85 93
120 166
126 180
2 197
15 151
67 186
23 60
96 111
35 106
48 131
55 178
46 66
113 151
97 153
80 82
175 185
23 143
20 146
121 195
76 85
5 44
99 135
54 192
105 182
17 135
121 157
155 179
140 200
65 106
103 197
99 131
126 170
52 111
16 128
53 91
23 107
24 184
180 200
66 163
21 200
1 97
180 189
129 199
144 173
89 120
148 170
140 154
53 154
40 161
51 171
15 33
111 161
62 85
14 76
63 198
55 156
158 189
156 175
67 96
1 184
57 62
82 167
8 13
53 103
156 194
56 104
2 55
13 153
129 155
183 185
2 22
9 22
33 83
1 129
31 47
48 78
151 198
19 99
40 105
120 195
42 102
110 114
93 115
111 150
115 163
73 126
112 175
51 192
107 117
98 162
90 132
17 138
43 149
111 170
26 197
25 93
134 160
91 97
187 194
31 149
9 67
6 149
58 163
30 62
121 137
135 179
45 69
4 190
77 193
3 68
87 125
139 175
109 169
91 169
155 197
65 91
61 177
47 160
14 167
51 96
40 50
81 118
98 171
40 53
119 130
181 193
63 153
75 124
31 85
120 131
46 137
43 156
55 200
120 155
9 53
59 114
47 151
83 148
90 101
153 185
34 156
79 171
131 171
93 104
112 147
171 173
138 168
133 189
47 180
8 107
116 140
17 38
179 181
21 144
50 140
40 133
89 115
18 131
87 123
94 155
53 175
127 169
128 151
14 70
105 187
146 197
129 189
9 197
26 72
56 98
90 107
171 198
21 133
146 152
50 119
112 142
63 180
147 193
80 174
36 126
95 159
73 134
20 69
45 167
101 155
29 99
102 196
8 73
100 135
114 139
32 63
122 179
126 179
13 166
49 59
48 158
79 98
23 195
10 22
177 180
129 192
53 64
33 98
22 25
13 145
35 83
63 95
124 155
71 94
109 110
47 120
106 143
55 87
82 110
21 122
7 112
68 133
106 159
23 78
16 47
110 131
131 144
126 186
26 85
129 195
122 176
91 170
26 53
120 167
87 127
46 115
20 85
28 90
81 116
99 118
69 137
48 56
51 162
95 170
135 161
26 82
16 23
47 136
138 170
51 126
20 168
6 25
41 165
114 195
3 112
150 172
148 175
6 126
152 176
146 186
8 57
22 131
151 155
49 81
11 50
10 12
62 105
2 10
16 138
51 105
20 105
10 139
15 43
15 19
13 187
74 190
122 159
120 184
72 172
128 148
98 140
15 51
103 185
32 111
7 167
16 103
81 107
108 189
74 112
47 112
129 144
63 109
9 154
12 157
89 175
34 53
61 71
115 122
14 75
112 134
161 199
122 195
59 98
89 161
30 109
78 137
109 198
101 178
13 124
49 161
81 108
70 132
63 137
52 156
89 102
56 60
30 74
69 126
16 73
163 175
29 200
132 193
19 160
23 58
121 181
44 104
49 197
91 105
95 168
57 73
132 162
112 180
33 93
43 77
129 176
18 174
82 187
10 150
35 110
68 176
160 175
118 169
26 88
43 109
62 76
40 195
37 119
44 168
58 117
68 103
5 183
70 180
54 174
158 181
141 170
110 135
75 107
136 194
19 108
99 193
176 200
8 156
3 161
150 177
25 81
21 98
90 192
32 159
43 118
78 124
56 148
50 179
80 128
91 161
100 126
59 148
1 158
65 185
23 42
13 55
36 119
72 95
12 64
139 191
88 124
77 90
139 187
125 183
22 130
60 150
57 84
42 74
93 138
76 185
57 198
74 85
3 86
24 185
69 76
132 182
127 130
140 175
1 145
113 183
43 46
93 125
50 109
44 106
85 147
50 52
111 141
111 142
1 9
42 44
71 170
43 148
20 159
77 114
26 89
127 200
125 129
95 110
143 165
96 124
14 154
59 151
27 30
36 40
78 150
18 101
50 169
111 128
64 131
16 36
149 175
144 186
5 138
149 155
137 197
40 80
94 122
11 157
47 113
107 196
65 80
57 91
43 154
179 185
39 155
26 105
74 171
58 86
151 192
50 67
97 115
16 124
39 123
28 181
23 156
109 177
70 188
50 186
76 125
25 110
146 178
160 166
145 161
85 111
37 49
3 173
8 11
36 165
107 124
37 39
7 68
14 155
117 196
27 34
63 152
31 179
67 153
60 115
35 99
80 97
52 62
6 156
117 134
66 178
113 190
89 164
101 127
84 100
19 71
27 81
77 142
2 115
54 187
63 185
57 124
20 29
77 102
72 87
145 167
156 186
3 140
184 200
63 166
170 178
3 110
36 158
86 127
75 200
113 143
183 196
17 78
56 187
91 102
31 119
42 124
52 164
84 174
120 162
75 150
23 140
70 111
14 47
46 52
47 110
142 150
17 74
101 113
32 101
166 179
49 65
26 188
80 167
23 54
17 193
58 174
22 83
14 185
193 199
92 97
99 130
167 175
62 92
66 105
132 183
35 107
158 161
56 159
75 137
3 113
24 155
182 189
46 160
31 117
144 145
49 121
20 87
34 113
124 132
114 182
8 74
6 82
67 69
64 94
85 125
45 158
126 168
9 24
22 165
117 199
92 172
90 135
78 120
107 141
2 179
144 185
56 196
34 192
16 17
58 197
2 36
35 42
145 183
21 115
14 19
194 200
124 162
131 138
66 177
164 200
45 197
23 152
46 176
99 182
13 177
39 77
1 87
31 160
6 125
36 198
23 98
91 150
15 18
74 144
62 78
141 166
36 123
26 71
94 137
54 128
6 29
77 184
12 130
14 83
9 97
105 157
89 110
4 103
43 64
129 150
41 187
41 65
32 44
88 158
141 152
51 167
70 99
84 114
38 43
55 182
123 142
144 160
60 94
55 196
18 79
62 82
80 185
1 78
27 147
75 109
8 41
126 161
136 139
147 186
167 173
35 182
110 188
106 144
40 159
123 147
7 104
74 116
7 99
26 150
2 90
22 76
1 14
149 167
14 151
82 191
6 177
91 118
146 199
82 199
2 47
52 170
19 34
89 160
60 87
4 82
156 192
49 104
46 62
122 146
28 133
86 181
123 157
9 152
20 77
21 99
15 93
43 155
127 142
91 130
83 118
69 140
69 113
11 126
117 153
74 197
185 187
15 96
27 33
12 38
88 168
173 197
51 178
142 145
84 193
17 50
106 161
12 57
133 156
26 182
9 159
27 67
8 161
58 84
99 105
7 102
88 98
127 182
169 170
34 105
65 189
1 41
107 145
100 169
85 164
58 74
8 76
18 20
37 44
42 160
139 142
93 136
58 128
58 65
3 10
139 173
25 141
145 153
11 27
167 184
82 136
116 197
37 144
1 198
58 143
106 194
9 161
24 198
82 194
16 49
58 68
46 189
15 121
72 88
139 159
15 120
108 154
82 108
9 104
152 162
74 111
39 64
25 193
82 185
129 141
162 164
85 122
45 80
121 153
136 140
164 171
11 81
52 146
79 166
88 167
30 117
38 172
29 157
22 156
81 155
98 118
35 90
54 168
74 177
20 144
46 167
54 98
48 166
27 158
55 64
7 92
17 99
18 48
64 108
21 195
23 124
25 50
70 72
90 100
6 96
19 151
99 100
19 59
102 190
34 175
35 167
20 111
180 198
121 143
12 196
193 195
47 154
112 140
121 151
90 194
15 193
70 185
69 122
64 97
63 145
29 36
146 193
136 155
4 117
21 173
45 185
174 180
13 144
120 177
129 177
55 122
91 126
145 160
10 97
20 200
113 191
44 189
47 81
36 51
104 126
57 170
66 123
140 188
168 177
164 196
65 124
25 103
72 174
6 37
31 83
97 139
153 166
41 164
71 156
22 200
58 108
119 158
67 161
95 103
120 149
112 186
55 90
170 182
1 17
155 158
4 101
15 158
67 113
55 183
32 36
156 178
43 192
70 97
81 87
105 175
139 160
66 96
34 75
58 70
155 174
95 118
31 71
17 185
24 38
111 144
43 65
20 175
177 185
113 171
28 141
92 116
10 151
64 192
95 148
51 138
125 165
105 147
63 104
2 87
14 193
42 182
84 119
59 164
49 111
22 73
92 168
38 61
107 193
16 99
3 93
18 147
78 130
17 151
126 159
17 120
103 172
43 161
74 92
24 121
46 109
134 164
50 88
103 176
69 152
79 194
57 68
11 24
77 122
29 111
150 160
120 173
18 42
21 105
5 122
78 172
90 114
3 38
83 85
29 79
103 155
83 158
42 173
30 194
44 148
139 186
20 94
22 164
69 89
64 150
136 192
34 67
44 160
86 97
122 157
108 143
5 177
122 131
88 188
6 80
49 159
78 162
27 53
98 167
11 199
71 106
105 121
141 160
30 196
30 96
169 181
17 36
48 147
126 188
79 85
102 165
20 173
132 197
6 71
31 112
44 169
52 69
87 167
90 186
50 117
50 121
16 64
26 178
126 156
116 200
79 101
128 194
18 195
7 93
76 135
89 116
90 116
6 9
12 77
32 61
84 157
21 119
115 130
38 126
180 194
81 93
9 148
22 113
6 27
88 155
22 168
127 152
83 161
105 186
88 109
41 56
9 115
31 64
78 141
42 142
80 181
83 93
42 133
188 195
20 165
70 126
65 99
38 135
63 181
25 85
58 92
44 78
44 150
185 196
1 38
183 195
56 144
96 130
159 187
89 100
31 70
63 186
78 152
60 63
26 108
181 197
5 199
117 159
85 191
29 76
4 161
39 69
105 184
67 116
75 169
21 198
55 130
5 80
19 135
50 85
108 155
70 163
135 194
34 37
45 63
7 79
40 79
66 147
91 134
60 193
103 193
37 105
31 49
9 86
77 133
143 197
36 156
16 78
81 111
45 192
16 35
53 76
28 165
61 99
165 196
85 129
151 182
58 119
138 196
137 153
60 83
108 177
140 142
102 106
84 128
75 126
99 194
23 91
86 110
13 98
24 197
158 175
31 183
36 125
20 70
187 192
62 95
142 164
147 188
28 177
33 137
6 95
185 193
22 143
142 200
16 22
135 172
56 138
87 169
14 181
86 172
46 191
50 130
56 160
64 85
98 198
46 165
35 131
49 179
28 180
30 90
20 101
190 191
65 178
31 116
62 140
61 175
57 189
49 60
11 195
4 105
81 82
6 10
33 139
7 47
47 147
83 172
166 189
87 106
12 172
32 89
26 77
15 52
23 194
114 163
51 158
27 55
1 4
167 193
150 165
5 29
83 138
114 142
16 141
92 140
3 106
104 119
49 56
98 149
51 94
38 142
118 142
26 189
46 146
106 183
75 190
66 179
143 194
89 194
18 38
51 128
123 135
95 180
93 103
39 105
93 171
25 34
51 88
17 146
119 191
90 92
40 84
85 132
99 124
72 164
52 60
54 133
104 182
121 186
6 193
35 145
46 110
32 72
58 72
44 170
171 195
49 150
49 64
7 40
68 139
22 69
121 166
71 162
9 17
65 155
24 66
9 138
10 67
100 138
43 145
160 173
43 142
101 123
57 85
38 87
114 129
28 108
3 37
78 85
31 168
24 200
121 135
22 149
14 41
7 106
39 52
39 110
100 175
72 185
125 152
95 99
41 173
39 200
106 142
27 152
44 129
123 154
85 126
58 78
168 176
48 148
16 48
144 180
118 144
72 100
114 135
46 114
101 108
11 106
29 165
140 185
118 157
81 130
16 100
1 90
19 24
128 160
35 148
45 151
20 83
35 77
121 148
17 75
31 104
62 74
90 97
53 102
96 149
34 93
114 192
60 68
11 110
47 84
143 171
79 196
57 192
2 140
151 194
45 75
75 141
89 183
94 180
21 128
54 148
174 191
19 126
34 49
41 77
90 153
105 164
15 190
56 177
30 131
55 191
14 159
11 171
7 145
91 100
52 125
3 58
4 191
34 142
25 137
48 53
31 158
183 184
3 92
11 22
82 116
67 78
71 97
23 138
107 147
138 173
63 105
8 167
41 107
89 101
82 155
45 177
5 154
157 173
52 101
134 146
23 167
91 119
54 73
116 164
94 186
33 174
52 189
59 102
114 145
10 93
149 184
181 195
44 131
152 178
3 23
102 157
74 199
1 18
167 170
18 141
4 94
1 136
93 180
72 116
14 195
10 146
30 82
56 164
40 82
91 113
119 178
50 97
9 32
78 132
46 172
126 137
15 103
98 110
41 193
97 166
113 192
43 166
22 114
191 195
135 177
117 150
134 156
40 73
15 24
68 173
96 121
45 103
45 184
89 107
2 65
40 44
98 107
64 112
139 199
71 167
79 146
75 157
22 33
3 117
194 196
31 59
48 187
29 41
97 149
137 162
36 187
139 154
71 183
35 195
35 189
81 199
160 198
122 160
19 184
10 193
19 39
2 5
123 197
32 175
49 96
31 167
144 198
3 57
139 156
16 183
107 181
94 125
176 179
25 136
122 153
70 85
92 106
87 112
53 123
47 122
36 86
165 174
120 186
39 54
73 92
111 116
67 165
49 135
32 81
73 119
58 141
52 128
6 68
28 193
113 114
60 146
97 186
61 89
82 124
25 149
2 7
25 57
30 57
112 121
51 139
103 117
188 196
127 135
3 64
144 168
4 84
114 121
76 93
19 157
121 169
89 199
8 140
42 83
174 182
60 191
21 140
52 175
156 182
128 154
30 107
23 149
135 182
70 190
5 66
148 160
61 185
120 198
42 146
44 147
62 114
104 110
162 177
21 109
77 167
12 176
36 173
103 164
107 110
33 166
89 189
28 66
97 200
69 123
122 166
125 134
145 150
47 119
65 111
152 179
19 159
126 127
167 176
3 155
6 187
42 118
72 114
9 27
5 88
138 195
52 53
52 63
104 121
33 54
28 173
13 181
47 48
154 182
166 167
41 55
27 32
51 140
8 15
18 136
80 154
82 113
10 23
20 132
67 146
37 61
86 111
48 189
93 179
55 114
122 158
128 169
34 144
53 189
40 92
2 60
97 100
89 105
41 54
43 97
37 90
99 177
27 146
19 41
26 83
10 137
154 163
10 183
15 150
158 173
112 164
7 120
61 113
14 145
77 107
30 110
14 192
14 100
130 188
72 196
128 164
157 185
43 191
111 192
172 185
32 192
40 62
168 198
30 155
45 66
34 187
2 92
115 197
127 136
131 195
29 116
64 183
153 163
25 83
116 168
34 90
21 104
172 179
60 120
66 194
155 196
20 184
54 146
121 142
115 160
140 163
20 96
167 200
123 159
87 161
15 85
25 116
48 61
71 171
8 37
26 73
45 198
101 191
79 112
20 98
28 81
6 139
132 169
3 189
36 48
92 150
51 57
31 90
110 200
6 24
29 130
89 151
82 89
14 149
77 187
161 167
29 75
53 177
72 127
27 42
10 40
82 161
14 74
43 194
33 173
65 200
116 175
7 179
11 125
16 94
83 165
114 197
22 105
26 48
1 83
84 179
43 117
64 88
59 107
119 185
13 43
152 182
75 149
55 173
105 137
1 73
41 69
47 197
2 164
38 60
171 183
165 177
42 67
60 118
64 198
71 118
17 191
125 178
42 49
25 100
20 185
70 159
94 106
139 146
88 94
30 104
2 200
167 190
42 113
94 184
72 133
10 63
27 122
60 183
41 147
67 118
84 134
54 116
39 144
96 113
42 138
16 161
15 73
67 87
41 183
45 121
91 108
61 174
113 150
114 137
77 154
18 102
77 153
113 122
3 182
108 187
19 76
142 198
9 58
5 103
33 116
40 199
135 192
17 148
78 182
63 149
77 147
9 41
79 132
55 164
104 142
61 196
50 158
4 79
89 108
96 160
55 193
10 200
48 69
16 32
39 177
103 152
103 133
27 61
10 136
68 149
70 119
112 162
115 124
41 135
16 165
133 168
70 145
20 65
168 178
9 136
186 193
113 134
152 157
64 98
35 137
59 147
13 200
119 138
9 193
8 54
6 43
5 76
128 133
76 97
12 184
12 156
124 200
20 76
93 192
157 167
39 62
72 173
136 161
63 138
157 178
143 173
146 185
55 104
142 168
113 189
32 54
59 71
10 157
27 52
49 194
56 128
24 110
32 122
62 104
4 141
6 107
77 161
96 178
100 105
163 172
7 58
79 188
156 167
11 25
51 198
25 168
18 47
84 112
87 185
101 138
43 104
130 159
80 114
60 133
91 151
130 142
20 181
92 93
97 137
30 183
21 153
128 153
18 19
1 108
83 105
34 121
3 179
59 146
34 71
144 170
118 193
72 92
54 71
78 165
14 177
31 155
71 123
37 198
1 98
33 200
152 190
109 152
27 141
137 196
101 103
140 183
126 132
51 136
28 40
31 147
94 135
52 194
130 145
26 136
12 21
29 118
76 151
43 80
4 95
22 155
103 118
13 138
60 121
79 105
67 141
67 155
14 43
15 76
27 185
72 150
92 144
61 75
15 58
54 197
92 165
127 168
38 173
143 161
7 82
36 43
60 123
61 173
14 28
24 179
142 157
18 53
25 58
93 117
104 184
5 158
95 107
147 199
155 162
158 177
57 182
121 129
77 121
108 164
167 185
20 95
90 120
13 48
87 153
73 104
11 151
120 191
11 188
70 183
118 182
12 34
31 43
93 128
71 133
61 100
8 164
77 198
96 110
103 188
194 199
14 117
138 183
9 42
149 156
15 128
110 164
132 164
53 164
85 115
51 52
38 155
134 151
100 162
16 139
123 136
31 153
65 133
56 68
70 115
160 161
53 61
59 149
122 171
68 118
32 156
41 51
31 67
96 143
2 125
43 115
39 106
194 198
129 194
6 116
109 166
25 174
14 97
6 33
114 128
35 135
35 192
26 63
87 137
67 154
70 192
90 175
21 191
66 116
161 196
131 175
26 33
72 115
62 127
125 146
125 169
12 186
23 89
64 104
46 57
18 97
55 146
17 174
141 148
37 41
79 148
82 134
74 174
143 145
57 139
7 62
43 147
156 162
31 88
132 199
65 182
38 200
43 199
163 194
77 171
105 158
142 174
49 189
53 54
26 109
61 95
59 84
124 169
68 121
36 181
141 191
65 69
56 175
83 164
95 105
10 163
135 157
56 65
56 107
60 113
90 197
35 166
126 162
13 180
32 130
45 196
36 109
23 27
97 131
5 118
24 129
1 82
165 185
24 95
103 161
29 174
8 92
43 114
2 186
16 195
51 78
55 91
112 173
135 146
63 194
78 128
18 150
99 144
20 125
151 177
79 156
162 196
39 68
43 135
62 110
46 162
90 171
2 161
41 140
17 199
120 136
124 186
9 102
85 196
116 162
48 123
30 58
12 84
58 164
20 91
136 147
56 122
67 164
55 189
95 199
35 123
21 81
144 161
51 176
51 124
36 143
120 190
67 140
53 92
70 110
23 92
35 50
123 180
140 167
25 30
26 42
74 114
91 185
54 61
91 166
6 12
68 182
57 166
9 156
77 172
34 78
73 155
19 65
121 180
25 196
60 127
74 193
84 194
127 157
41 118
34 73
131 189
108 140
1 130
23 182
4 135
69 94
24 64
38 163
50 198
83 179
164 198
94 139
42 178
61 68
66 69
155 188
131 188
76 126
7 57
173 191
64 139
140 156
1 61
61 157
60 117
12 197
3 127
54 198
85 152
23 28
58 75
27 153
49 165
83 155
29 147
104 164
104 131
73 154
93 169
4 169
8 171
7 163
65 129
41 139
18 167
78 175
33 77
63 83
90 126
25 115
93 145
114 154
130 197
112 166
19 114
39 173
111 188
92 127
48 197
128 180
83 181
11 57
22 28
24 37
42 150
56 157
7 195
29 86
62 176
78 181
74 191
79 142
109 194
49 72
89 198
54 97
30 174
30 133
148 180
7 144
101 111
42 105
190 197
86 108
54 188
56 166
103 194
56 135
20 27
15 112
95 196
107 160
152 172
24 33
170 192
28 136
67 84
108 111
47 71
98 103
10 188
13 154
12 97
8 43
9 18
132 135
48 118
10 144
68 198
25 122
85 95
17 129
101 164
9 57
167 168
6 94
50 63
14 27
81 185
2 94
154 160
1 185
39 97
140 169
33 72
33 82
62 75
164 165
21 43
28 197
107 197
65 190
39 154
24 75
76 147
156 199
16 135
104 133
28 159
72 126
85 123
101 132
48 154
156 197
57 136
48 199
66 68
9 125
100 194
54 143
2 181
159 196
49 109
75 95
9 168
170 171
71 185
93 133
95 98
59 157
124 141
160 163
31 97
51 163
116 149
133 178
129 146
92 128
15 200
100 157
35 181
105 114
118 153
82 173
29 107
104 179
81 149
61 109
127 193
40 108
51 114
11 87
113 142
109 178
68 73
82 135
18 41
121 190
5 132
67 170
16 40
124 149
63 101
91 182
82 195
25 113
1 80
26 196
103 144
28 185
88 156
31 125
20 119
130 136
111 131
53 139
112 153
56 151
31 173
127 158
14 198
81 145
56 146
52 80
84 178
54 111
62 168
55 102
115 181
134 139
104 111
52 160
66 197
31 162
66 185
4 40
4 171
41 76
101 169
107 149
69 154
31 93
21 113
77 137
6 35
7 8
8 152
119 171
2 82
156 200
4 112
5 111
157 159
45 110
171 187
31 165
4 54
97 172
33 131
29 171
4 16
21 129
140 173
86 132
98 154
93 112
80 111
19 112
68 77
38 51
8 168
142 178
28 110
10 94
66 76
14 194
15 136
70 121
14 24
32 183
95 127
82 164
147 152
48 137
35 69
68 84
23 82
38 69
25 65
52 85
26 91
121 167
19 127
39 45
67 122
1 189
156 185
19 166
26 50
73 194
74 128
17 56
80 100
47 188
148 159
143 184
5 195
156 159
158 188
23 83
127 194
78 163
104 128
109 161
161 170
138 155
38 165
75 97
144 162
74 129
160 181
97 112
174 183
24 139
6 51
178 189
36 100
184 189
37 184
75 96
114 164
23 155
55 188
64 188
26 139
33 49
127 147
4 185
61 122
64 148
89 197
139 141
15 160
89 94
157 165
93 200
55 115
156 187
60 76
71 127
68 164
99 134
52 200
108 158
123 186
28 128
114 191
52 73
173 178
3 119
153 187
24 47
18 128
53 60
178 193
160 162
80 81
123 131
86 133
20 25
42 79
120 152
105 133
3 139
132 174
172 196
116 163
4 153
109 150
77 178
59 111
2 143
150 200
25 159
53 121
35 180
77 108
24 102
24 176
15 105
91 195
53 157
91 187
2 12
136 171
121 150
1 49
147 183
88 126
52 117
72 188
5 7
25 114
53 108
11 44
15 187
44 95
96 191
33 63
55 61
128 175
36 50
90 139
1 45
108 120
75 82
68 162
165 193
4 177
6 175
20 53
32 38
20 39
109 137
14 114
100 154
116 125
134 140
47 140
60 116
46 60
68 146
33 135
34 88
76 191
102 131
71 198
155 171
16 121
115 173
3 157
54 105
109 112
46 93
103 173
46 102
35 144
12 124
4 189
90 138
63 106
31 170
12 109
28 129
28 199
167 181
10 116
95 193
77 113
95 124
8 64
69 153
41 70
17 133
37 118
18 31
25 109
25 39
5 59
182 185
125 159
27 160
8 21
120 182
125 197
91 160
92 173
82 115
71 100
66 111
35 141
135 168
57 126
52 121
59 117
44 183
19 172
120 174
137 140
17 30
87 92
53 90
54 113
94 199
14 15
69 97
122 124
8 145
53 195
9 121
170 196
52 77
34 65
122 147
10 126
23 118
61 137
12 53
178 200
30 178
41 57
51 149
37 177
8 181
151 174
30 32
6 13
133 200
6 75
37 81
112 156
138 186
19 68
46 71
66 137
152 169
110 150
104 123
14 55
4 143
125 162
24 54
20 103
53 130
20 68
34 98
186 187
50 64
62 192
73 120
70 87
180 182
33 57
94 154
143 164
98 145
130 164
78 123
86 103
28 149
123 152
3 143
37 190
82 101
56 169
25 184
7 157
30 138
106 128
13 33
106 193
37 150
123 134
42 163
16 167
143 168
96 105
127 131
37 133
102 127
84 189
21 167
27 76
12 170
101 128
168 181
21 30
127 134
61 169
80 126
19 164
78 97
157 194
48 134
110 143
150 183
176 195
12 30
137 178
49 67
64 146
5 179
23 123
65 168
157 169
72 160
160 183
29 182
22 110
132 187
46 186
21 138
87 98
111 164
94 160
17 27
22 93
92 200
97 196
75 165
52 179
102 192
55 179
25 187
4 42
48 89
77 94
1 46
66 90
60 169
89 140
170 172
17 109
56 71
53 79
55 86
47 185
42 161
23 40
57 159
173 182
11 86
4 70
96 145
133 142
49 162
22 50
66 190
21 75
62 171
27 101
13 22
140 187
82 133
91 190
16 74
7 105
140 198
90 165
105 177
11 42
136 172
90 161
142 171
80 190
112 114
164 191
13 143
35 102
48 108
103 114
101 133
102 160
134 194
37 40
61 90
80 139
4 142
46 144
108 112
91 192
65 142
89 126
122 126
13 112
123 172
68 170
117 145
25 166
24 151
52 178
5 120
2 33
4 36
118 152
52 143
85 112
161 163
161 186
75 145
49 113
90 93
59 194
59 136
111 160
101 136
9 113
66 128
88 144
59 153
46 134
78 146
163 178
16 120
16 31
125 189
20 142
29 69
26 179
92 111
145 171
28 140
62 100
75 188
142 156
158 180
84 92
115 146
90 118
38 147
6 76
110 146
135 162
12 173
91 193
79 180
112 129
78 90
177 198
49 148
94 132
66 74
4 110
61 79
17 100
14 124
56 83
112 126
113 168
101 106
46 133
95 164
145 176
39 189
57 94
29 150
43 162
77 93
9 173
132 139
69 98
142 144
159 198
88 105
26 112
60 140
129 164
104 154
49 134
20 21
144 200
85 110
140 176
22 56
24 168
69 174
41 148
49 199
60 82
48 80
28 170
98 138
19 149
20 187
25 44
94 194
105 125
18 57
125 135
41 84
6 101
12 145
196 199
61 74
5 157
61 200
81 139
105 165
50 132
2 129
18 55
38 66
111 118
72 193
93 127
161 187
118 171
137 180
47 69
32 197
63 119
1 152
155 194
12 83
112 133
26 90
97 107
21 55
48 182
70 81
75 176
119 144
52 153
87 113
118 138
65 162
158 171
73 199
52 123
77 89
38 42
37 189
84 176
12 25
70 86
151 176
73 78
25 88
107 130
79 145
10 111
123 169
49 192
44 190
5 196
20 64
5 87
47 150
26 58
88 147
25 105
23 108
61 140
40 162
164 173
70 174
17 31
8 53
2 157
25 150
150 157
13 102
132 188
134 181
91 103
71 148
14 50
132 144
153 154
117 171
17 89
124 189
12 41
133 139
66 149
46 182
31 129
87 160
40 158
68 175
126 181
137 141
103 115
9 194
81 91
30 128
35 178
32 177
31 157
95 125
149 165
5 185
33 51
15 42
74 103
33 113
56 86
36 53
164 166
40 144
164 186
6 98
5 43
31 89
61 111
102 198
130 158
41 46
41 86
165 199
84 87
73 101
105 129
114 133
121 176
138 153
27 65
17 132
47 183
163 192
18 139
62 132
38 58
73 144
80 96
161 191
20 171
145 162
132 148
173 183
99 180
78 144
168 173
7 123
85 96
52 171
53 151
8 68
46 77
14 103
45 95
24 84
62 141
81 143
97 156
20 34
63 72
36 62
116 134
120 141
18 135
80 122
31 193
20 166
92 139
24 108
14 85
39 87
95 119
57 200
56 123
171 197
49 110
134 168
36 66
38 63
13 183
146 153
50 165
32 105
91 175
20 86
72 98
74 105
56 124
107 125
56 115
40 107
13 82
20 24
45 139
139 163
123 176
172 192
70 76
125 139
16 83
1 176
64 158
98 115
72 111
17 143
27 28
49 98
1 29
119 182
67 79
74 188
10 162
65 81
40 191
20 186
2 86
79 89
116 118
140 178
67 73
4 164
130 144
58 137
67 107
105 136
117 154
166 172
153 180
81 85
36 172
111 148
130 187
144 183
112 193
56 162
13 31
8 160
7 15
29 105
20 147
18 108
19 177
116 153
53 128
5 156
93 198
3 63
28 45
174 189
194 197
81 109
16 65
17 60
10 91
125 149
117 127
83 147
136 197
18 151
166 191
53 95
84 150
27 91
8 31
81 136
52 88
115 170
38 146
108 183
50 126
83 117
88 120
70 157
6 188
17 184
6 138
47 172
147 158
50 171
29 89
27 95
71 91
42 69
20 174
154 192
141 186
5 105
46 180
96 180
142 161
38 72
58 99
101 139
38 185
34 180
52 107
4 27
98 190
5 114
26 39
67 181
52 55
25 89
68 128
163 190
142 167
119 169
46 135
3 101
23 34
9 158
90 125
94 193
175 195
13 127
58 132
107 192
50 161
87 157
61 63
130 177
46 53
25 130
52 113
33 66
149 159
88 123
44 135
8 104
87 119
110 160
67 195
72 143
35 125
81 89
140 179
65 128
18 44
1 193
29 92
92 125
51 143
50 199
186 194
137 172
41 146
11 71
13 134
13 41
57 104
11 101
25 178
29 187
29 142
137 183
3 96
1 58
3 22
11 96
110 170
120 132
116 188
112 184
80 164
14 22
52 142
175 190
131 155
67 123
172 182
57 59
73 164
49 93
86 102
84 192
79 121
149 179
55 117
68 117
47 66
45 61
129 153
158 184
53 147
93 150
102 148
22 150
145 172
6 83
90 184
120 157
76 96
18 84
129 187
7 100
3 8
115 125
52 152
49 149
19 60
18 95
52 193
45 169
157 187
51 115
131 170
114 143
77 200
56 165
49 155
66 181
11 138
93 149
10 155
41 151
166 184
85 86
80 153
61 108
2 49
11 63
64 165
101 105
64 162
67 97
13 109
84 86
74 80
5 172
22 132
37 42
7 124
140 149
34 137
53 110
28 87
129 140
103 109
115 165
64 136
32 87
51 101
44 84
141 164
72 104
105 135
88 170
50 200
62 106
35 37
43 168
60 172
150 151
94 169
75 189
97 154
27 182
34 87
22 43
190 193
50 123
10 147
9 107
33 181
146 171
34 138
13 37
9 151
8 115
45 112
111 112
30 34
84 170
23 193
64 122
71 90
123 195
125 167
23 197
53 190
23 43
19 93
105 178
98 114
113 145
32 98
5 14
71 159
150 185
51 112
144 166
154 184
52 183
106 137
19 98
49 190
26 111
48 103
11 36
14 102
18 161
1 104
152 163
106 176
95 147
152 174
5 52
3 81
57 118
96 137
33 96
172 188
107 140
30 39
67 131
110 181
55 187
62 109
70 83
94 127
86 87
24 188
121 170
122 170
34 77
33 35
43 99
3 49
70 161
79 198
120 146
1 180
123 128
93 152
102 128
72 109
57 58
111 114
85 175
74 99
100 130
102 113
147 164
6 38
28 188
106 160
47 63
31 189
163 171
177 178
26 57
98 155
10 15
171 178
70 96
43 101
15 32
1 72
60 111
51 195
95 182
191 200
51 87
151 185
39 58
69 181
12 121
5 27
2 48
84 90
76 193
111 115
73 168
98 106
54 177
41 142
127 149
108 194
7 21
82 186
65 73
171 196
20 22
158 191
128 184
119 154
113 129
145 190
42 198
45 155
33 61
43 95
84 141
133 160
99 191
134 148
126 200
21 67
51 173
121 145
106 199
84 126
85 177
53 155
33 48
67 68
128 158
138 166
72 78
105 181
133 176
68 183
103 105
15 101
14 36
42 47
150 175
51 134
17 45
105 190
46 169
51 53
117 130
56 57
29 167
70 122
101 161
61 182
140 146
50 79
85 90
49 114
90 136
88 186
141 161
129 172
101 163
149 152
102 146
16 200
188 199
159 195
22 108
86 200
95 138
116 139
131 173
49 117
75 183
110 178
32 163
1 169
50 154
143 177
115 120
98 178
21 37
50 69
33 182
88 143
19 163
67 198
79 167
68 136
32 169
101 182
46 50
32 170
129 196
41 163
43 183
133 172
28 121
136 199
17 72
29 140
56 141
38 158
70 79
3 187
81 142
141 142
52 137
23 187
86 113
45 81
150 184
47 114
160 189
22 137
163 170
76 146
154 197
27 174
43 94
149 163
3 146
109 153
82 182
103 143
55 145
119 134
86 118
146 183
161 175
15 169
45 70
80 120
80 127
15 29
89 143
40 171
86 174
21 74
179 180
4 195
51 113
151 188
39 193
74 84
50 59
109 115
20 158
25 76
27 75
7 194
83 156
57 100
31 96
59 80
125 185
28 104
122 136
30 185
50 160
100 179
45 93
87 193
157 188
18 125
77 92
26 44
2 150
153 195
21 25
102 112
2 95
24 154
75 148
37 43
20 55
66 150
98 109
47 167
17 172
143 188
18 32
90 172
16 97
52 78
109 200
85 119
32 90
54 59
44 110
175 191
133 167
51 117
17 162
106 118
160 192
24 43
87 117
2 43
73 138
68 163
21 199
80 124
62 196
58 80
42 159
59 78
20 110
105 191
116 150
16 51
106 116
106 148
102 137
38 65
148 162
150 179
15 87
10 82
29 100
93 170
46 188
46 92
34 50
42 110
42 158
141 180
142 163
95 104
157 184
77 127
65 199
28 111
10 46
71 190
48 152
40 152
115 118
96 197
8 63
51 99
165 175
100 141
136 166
26 49
30 143
15 117
50 84
19 113
61 135
60 75
64 95
9 94
94 142
77 128
147 185
28 105
133 186
92 131
3 34
7 12
19 155
101 156
135 198
105 185
71 76
43 140
84 122
125 157
56 147
154 174
49 180
23 104
35 168
18 24
83 123
64 125
94 179
6 85
54 94
42 98
91 189
171 175
68 159
85 193
38 94
27 125
21 96
60 90
10 177
22 187
50 136
23 196
14 38
1 147
47 91
34 57
65 127
29 172
151 190
38 96
49 133
57 87
75 175
63 112
52 159
106 200
81 128
93 193
106 120
112 157
134 152
12 199
74 102
60 95
127 148
99 127
84 197
89 139
18 180
2 190
1 8
109 157
51 118
68 101
70 137
35 129
105 167
81 98
79 109
93 132
12 181
123 137
18 51
110 162
119 190
69 184
87 174
30 112
14 78
50 185
168 182
114 118
62 102
158 193
63 164
177 183
52 61
26 47
49 79
131 146
19 97
124 175
74 95
31 164
76 162
147 178
58 124
10 71
59 192
97 190
27 40
1 10
107 144
74 135
4 41
165 186
112 122
150 196
17 102
82 141
12 137
57 150
14 130
77 84
41 121
106 145
88 180
73 175
110 137
118 176
10 27
145 187
111 189
157 192
20 62
123 185
51 89
150 188
62 83
43 67
31 145
170 175
32 109
147 167
70 127
40 140
13 161
12 92
118 163
165 180
41 85
1 52
47 65
110 118
9 61
81 148
94 114
49 122
21 65
29 78
1 107
91 135
37 113
46 112
77 158
36 152
135 169
6 183
10 36
19 167
149 162
106 178
159 200
139 161
127 140
106 163
55 103
12 89
22 141
56 171
93 99
108 117
140 194
5 151
14 29
11 29
79 152
34 64
49 116
96 125
148 189
106 150
82 192
20 73
192 200
24 26
57 155
104 189
24 140
22 24
46 139
47 149
66 117
20 31
73 171
72 77
113 185
90 111
9 48
27 104
69 135
133 185
172 190
110 144
3 45
18 56
64 154
28 93
10 84
62 148
86 195
1 2
135 197
28 139
45 162
28 97
32 33
57 122
42 104
11 76
167 177
2 77
75 152
43 121
67 101
56 197
88 172
11 94
54 68
145 200
16 72
60 141
16 90
26 126
47 50
152 197
103 121
153 189
130 147
76 117
13 78
17 197
5 161
63 158
44 90
185 199
62 149
108 200
31 180
64 160
68 124
96 133
2 116
20 183
9 23
25 160
40 138
67 191
6 159
71 72
12 135
23 53
117 175
11 164
93 129
77 163
133 194
1 171
79 163
60 160
143 158
99 148
71 196
119 145
29 159
94 130
61 148
25 33
41 200
64 78
15 46
46 171
19 153
23 55
123 179
105 140
9 55
51 120
67 174
31 68
161 181
103 169
108 131
68 147
40 194
130 133
19 150
76 173
99 196
97 142
149 188
56 90
134 143
27 114
19 137
90 91
151 172
5 16
3 52
67 160
36 52
7 67
30 59
37 191
47 144
40 143
99 116
109 111
42 197
175 180
131 192
31 163
121 188
98 116
57 151
136 183
12 87
42 68
44 141
170 184
11 99
12 86
36 194
131 150
90 95
10 197
62 145
35 146
2 124
80 137
114 183
21 86
115 127
142 143
91 155
112 176
114 140
156 176
89 92
29 149
83 111
44 51
71 136
8 191
78 142
55 72
59 190
21 175
41 170
8 96
4 120
148 171
76 161
62 137
42 101
48 153
110 163
7 61
88 175
99 123
90 169
138 192
16 53
153 190
50 60
25 126
10 133
98 128
127 132
2 127
151 196
14 35
25 80
16 142
113 176
12 141
91 121
122 138
17 82
95 101
151 180
134 162
162 170
103 138
101 188
42 58
37 75
21 145
90 124
2 135
75 133
35 130
81 163
77 190
4 104
47 98
115 162
113 132
49 76
89 166
52 154
3 126
49 100
79 200
110 111
167 195
98 102
44 85
59 104
97 106
46 173
69 166
48 105
3 195
94 163
40 81
176 178
28 92
48 81
14 119
81 194
168 186
14 81
59 145
163 196
7 43
48 132
53 70
106 153
31 99
138 191
45 52
85 173
47 92
32 35
137 184
69 149
41 132
41 162
103 165
100 191
122 168
132 153
61 69
15 111
46 97
36 59
7 169
9 80
27 57
54 78
2 50
89 162
74 152
29 110
14 170
60 98
122 174
104 112
124 183
97 165
23 150
19 70
77 175
20 137
168 183
79 92
30 175
54 100
59 197
57 77
103 200
73 103
80 151
43 132
92 162
172 175
14 51
8 122
68 98
62 65
74 162
4 149
27 36
106 151
157 199
15 44
40 187
33 141
46 63
1 26
116 126
127 155
3 171
146 174
15 100
72 102
122 172
76 124
143 154
114 200
12 70
44 199
59 160
102 122
35 70
104 177
106 139
58 184
4 186
48 111
149 186
126 197
41 194
119 128
63 136
51 122
91 127
122 162
102 140
94 157
106 131
48 143
34 83
27 73
139 140
117 198
86 114
40 61
33 138
162 199
7 122
43 92
23 171
127 191
28 34
118 173
155 156
29 196
64 193
91 172
73 116
34 178
77 135
161 168
13 105
10 70
31 131
35 71
162 182
67 182
46 149
158 160
44 52
39 116
6 129
108 180
53 137
14 112
177 200
54 103
73 111
33 60
22 196
60 149
67 70
34 179
170 199
43 197
75 166
24 114
57 130
158 190
155 169
91 180
145 166
74 168
19 189
9 108
19 119
102 116
6 166
60 88
26 29
16 43
83 157
81 177
161 195
38 128
162 169
19 156
46 127
56 89
41 144
108 147
5 30
61 130
37 114
3 65
52 58
92 187
40 78
15 54
17 157
42 57
23 37
119 137
180 188
39 102
60 138
24 142
113 157
33 91
24 137
61 65
193 197
9 54
44 144
156 180
16 144
124 153
48 163
71 109
113 170
101 168
26 117
117 140
19 109
95 197
5 19
31 51
2 46
103 162
86 162
48 99
55 185
53 198
141 177
88 131
43 126
15 99
4 131
128 192
73 125
184 199
60 192
1 27
12 67
140 165
107 161
151 153
90 113
150 159
136 160
96 112
1 118
43 93
88 141
48 168
21 53
75 194
8 22
8 136
63 124
20 152
164 188
39 156
2 147
19 26
53 196
12 78
114 161
144 178
124 164
36 131
33 88
35 188
31 58
25 152
47 177
135 153
81 105
170 190
159 170
42 152
9 92
39 165
27 92
125 151
144 193
74 178
41 75
10 118
18 58
163 176
39 134
14 144
75 196
5 32
39 119
83 122
105 146
78 184
113 117
87 155
20 188
82 144
99 106
78 169
41 120
73 137
166 200
32 91
143 189
11 194
26 176
85 137
114 179
4 154
27 181
72 154
121 177
44 171
1 131
35 155
115 189
62 124
14 46
77 188
136 179
64 179
171 174
127 150
123 175
56 93
77 157
49 130
31 146
9 13
15 138
14 186
21 76
54 95
95 185
51 72
4 57
3 178
171 180
84 187
124 166
4 5
110 177
57 74
24 171
37 138
79 87
13 49
161 165
8 19
108 170
58 125
43 159
15 16
121 198
117 146
121 187
47 56
49 158
89 117
35 44
39 124
129 149
96 188
42 193
51 121
74 134
91 167
100 186
36 64
53 136
36 71
113 138
112 192
100 129
1 138
8 80
151 179
95 111
111 138
115 184
103 184
15 72
46 131
130 143
92 114
123 191
119 193
160 187
5 96
160 199
23 102
115 144
106 146
40 174
39 133
189 197
84 147
17 121
146 165
84 161
146 147
37 161
22 111
28 150
12 101
139 183
125 150
90 130
35 38
68 193
138 157
14 137
58 63
80 109
28 76
75 108
27 107
49 183
66 124
22 184
88 171
85 197
135 149
174 200
71 172
83 142
3 88
155 183
64 113
18 63
59 126
45 92
36 200
51 75
141 174
76 170
7 192
163 168
4 92
154 161
45 106
64 71
145 175
70 151
84 168
29 138
42 145
13 19
1 65
87 186
35 119
47 54
7 133
