200 5653 134
1 2 3 4 5 6 7 8 9 10 11 12 13 14 15 16 17 18 19 20 21 22 23 24 25 26 27 28 29 30 31 32 33 34 35 36 37 38 39 40 41 42 43 44 45 46 47 48 49 50 51 52 53 54 55 56 57 58 59 60 61 62 63 64 65 66 67 68 69 70 71 72 73 74 75 76 77 78 79 80 81 82 83 84 85 86 87 88 89 90 91 92 93 94 95 96 97 98 99 100 101 102 103 104 105 106 107 108 109 110 111 112 113 114 115 116 117 118 119 120 121 122 123 124 125 126 127 128 129 130 131 132 133 134 892 674 501 728 523 784 540 558 856 679 771 848 737 552 556 536 981 921 855 820 670 791 538 568 523 960 629 670 750 585 622 590 581 526 836 571 857 747 899 602 970 651 640 981 705 658 893 706 680 934 627 654 759 994 654 568 827 501 804 510 586 722 682 838 681 659
24 62
76 81
14 172
127 183
144 192
29 147
9 166
116 151
83 114
41 158
4 130
104 168
93 178
9 112
66 74
112 152
34 87
66 76
44 73
6 43
115 166
126 142
106 195
31 76
40 136
127 184
25 165
86 160
76 88
110 169
41 68
102 123
32 106
46 86
2 145
28 80
80 112
142 197
64 121
2 4
8 93
93 199
27 97
34 82
59 101
34 63
96 118
61 70
43 133
133 197
118 122
11 15
66 107
28 175
119 157
91 106
20 158
20 177
4 32
9 197
26 185
79 134
95 132
87 152
55 120
75 183
4 53
9 91
1 60
49 135
127 145
46 133
97 146
112 199
116 158
71 72
50 143
63 188
103 163
9 18
192 196
164 183
145 175
83 92
28 83
93 177
10 130
61 62
4 120
58 102
33 40
66 84
78 182
24 133
63 72
2 22
90 175
23 182
61 142
43 79
81 188
136 147
2 77
2 84
107 189
3 25
37 160
28 127
144 193
2 33
1 10
31 194
50 85
81 82
156 198
46 185
37 192
6 89
87 125
80 192
87 91
88 115
52 76
79 190
108 152
128 161
111 124
71 128
69 77
7 175
9 38
104 123
2 172
98 193
21 160
9 106
121 123
8 20
74 146
25 148
1 128
145 179
39 91
29 30
29 193
9 155
164 179
11 44
36 97
180 185
38 192
21 37
92 148
31 138
88 186
22 129
124 169
4 43
115 200
14 71
108 133
70 93
66 155
159 163
55 150
101 115
56 123
173 192
15 44
127 180
22 112
116 198
65 66
23 183
118 127
140 160
111 118
22 177
151 182
99 110
25 147
77 187
32 197
108 167
126 151
94 104
45 147
2 139
17 195
37 168
32 131
128 184
13 134
114 138
48 162
35 108
59 161
148 187
1 4
47 149
136 162
86 147
162 196
120 121
17 38
83 151
38 139
40 181
36 152
23 39
87 170
126 169
11 104
66 68
99 118
13 167
21 54
11 98
92 149
20 178
118 137
43 162
13 145
55 185
42 199
36 55
96 177
146 189
109 166
121 153
22 182
179 191
53 56
76 166
6 166
5 135
44 174
102 190
93 121
68 156
50 132
126 175
74 115
5 124
20 157
3 80
70 158
79 135
12 112
36 164
68 187
23 86
1 123
82 89
7 135
49 104
89 175
12 134
63 160
132 189
30 43
49 111
135 182
11 168
85 179
54 74
31 88
11 73
130 185
8 139
14 36
65 169
32 80
46 69
11 151
108 150
138 151
37 173
86 135
116 145
129 170
180 189
98 163
107 176
37 104
34 86
34 175
72 150
139 167
177 200
41 72
4 122
102 182
14 26
65 104
45 185
115 129
59 199
2 9
31 93
23 68
53 100
77 78
76 101
41 84
39 148
3 185
5 140
14 15
95 197
67 140
103 196
17 147
28 108
62 173
61 179
4 49
84 169
18 83
85 138
77 127
154 163
36 188
15 117
94 188
4 160
44 54
25 199
131 160
70 149
35 109
35 136
133 154
151 194
34 91
69 194
76 138
182 199
48 149
88 170
4 95
9 104
150 184
11 13
27 52
56 180
146 156
77 184
21 71
38 58
30 124
6 126
28 181
4 30
102 141
14 17
112 122
129 175
102 107
119 122
42 128
63 88
142 167
125 130
52 109
85 144
41 114
177 183
9 71
28 62
5 149
25 151
29 60
128 189
88 105
147 162
90 115
94 99
52 97
72 128
71 191
34 35
130 190
147 184
109 146
84 150
11 21
170 196
73 145
6 139
51 58
32 79
47 181
82 109
175 193
67 188
27 85
104 170
111 154
54 171
46 162
184 194
43 122
14 116
13 172
148 156
11 79
135 147
92 121
109 184
49 97
54 65
57 58
15 147
71 161
109 141
185 190
147 160
11 19
55 108
96 147
17 40
54 89
50 56
95 145
23 64
25 125
65 192
71 86
28 103
25 35
13 55
46 120
34 145
3 111
37 130
72 139
55 56
12 31
8 119
66 167
75 126
68 184
9 84
23 91
93 94
52 134
26 107
17 51
56 57
50 178
136 189
59 67
83 188
92 171
32 152
3 14
113 155
76 126
26 35
91 172
112 167
92 145
20 173
76 100
17 19
168 186
31 58
25 195
71 88
52 102
155 188
159 192
82 151
36 183
55 119
82 86
124 155
31 176
85 157
135 152
100 154
42 51
45 57
49 60
53 72
15 125
23 24
21 81
49 143
176 196
98 139
98 149
124 181
164 165
107 184
182 190
88 164
172 194
53 61
45 128
126 177
66 99
23 139
34 178
27 151
11 170
65 174
61 138
192 193
72 73
80 159
76 108
60 160
35 100
46 55
137 142
154 191
129 149
116 174
21 35
94 196
82 164
27 60
12 89
58 88
95 170
95 133
54 124
131 137
87 178
33 95
131 163
68 146
51 198
73 109
61 194
130 178
101 198
177 179
35 124
55 140
8 12
53 84
75 83
40 195
28 156
41 192
9 127
67 81
144 153
102 104
50 90
70 163
32 171
18 141
12 37
70 182
42 189
87 99
55 113
16 80
88 97
5 30
38 169
160 190
39 130
11 70
40 102
141 197
9 59
137 176
143 158
47 51
11 37
84 104
17 198
165 193
66 102
46 198
122 160
14 81
78 97
29 142
56 70
63 109
4 169
155 197
78 100
13 83
64 156
142 186
59 166
33 152
89 133
77 89
77 173
61 157
65 164
5 7
30 104
154 183
80 125
47 122
120 165
78 193
2 5
33 143
11 12
28 68
41 44
30 84
134 181
39 84
175 181
177 187
12 157
85 115
156 185
37 159
9 143
70 156
71 160
27 39
94 174
59 198
33 119
100 187
134 184
4 100
12 175
10 49
16 17
65 180
42 112
30 130
72 166
85 98
47 147
51 113
64 79
23 172
100 175
15 119
144 160
27 96
58 118
13 91
137 143
16 76
18 159
23 164
26 52
7 181
112 132
114 156
109 171
111 145
113 135
150 193
108 140
110 195
31 110
83 115
16 106
35 103
99 160
11 132
2 96
36 106
15 167
1 73
47 138
38 177
146 168
157 166
97 124
60 145
164 168
62 125
127 173
18 108
80 104
68 98
14 108
102 162
64 77
154 160
6 95
31 81
32 127
23 118
42 102
162 189
176 180
91 137
68 100
30 141
109 144
38 158
68 91
54 122
113 183
55 155
75 129
120 127
58 138
13 188
72 168
5 51
61 77
149 156
98 104
23 83
32 179
32 90
153 179
86 121
32 97
51 146
50 107
59 189
19 92
24 148
136 142
2 102
178 195
91 136
13 51
8 171
168 191
38 39
54 173
25 176
1 136
125 192
8 179
22 187
2 32
50 146
26 122
21 94
96 109
77 138
134 157
11 167
105 173
33 58
181 188
89 137
35 144
16 154
80 185
36 56
50 175
41 199
103 142
129 181
51 166
39 95
114 177
28 44
26 147
18 91
65 167
166 192
30 191
35 193
143 194
22 166
88 112
82 142
97 178
46 122
84 151
5 47
4 84
17 123
12 25
19 80
115 116
60 74
160 171
47 110
97 112
91 181
139 165
67 127
122 128
14 134
173 200
89 187
160 178
88 116
195 200
3 153
25 126
99 172
3 11
60 144
13 110
13 84
87 169
42 153
9 111
38 111
14 120
76 80
51 192
163 180
73 192
172 179
11 126
79 100
184 189
114 142
102 170
101 159
6 117
29 89
26 75
9 58
20 193
142 149
79 111
154 155
14 158
104 105
27 152
80 176
105 147
47 150
23 130
15 48
27 171
69 169
59 116
68 78
93 138
143 171
3 45
106 130
20 186
144 145
61 120
27 144
37 66
82 131
10 74
109 142
81 145
30 185
85 86
9 12
74 168
36 37
69 179
162 163
165 187
62 167
64 111
130 141
12 13
11 163
65 141
82 148
4 78
131 139
101 186
20 140
23 155
42 47
65 191
152 184
10 52
2 121
59 120
34 107
68 135
75 159
81 149
99 119
3 168
96 124
8 132
35 47
29 42
1 113
40 156
13 53
43 164
7 161
89 190
172 195
33 124
8 145
8 84
62 109
38 75
27 64
108 124
115 130
20 107
69 106
57 69
59 142
19 120
141 157
141 153
107 157
101 182
141 183
70 83
135 173
38 98
78 87
122 178
79 118
23 88
83 183
79 141
34 182
58 62
147 195
117 184
40 130
175 183
110 184
73 185
59 87
52 83
60 176
40 107
66 105
35 155
20 114
10 50
59 125
22 29
43 182
86 144
7 16
62 130
57 113
150 151
89 101
100 143
1 13
92 109
106 135
3 183
6 121
104 158
33 75
7 76
97 196
52 73
29 151
118 152
36 84
1 104
93 136
20 102
134 187
103 188
60 75
89 120
17 121
130 161
2 159
174 183
52 77
58 106
11 87
22 120
53 180
63 126
69 83
90 117
82 150
10 106
74 77
54 102
44 101
80 101
34 68
27 33
91 126
13 161
60 78
22 102
107 108
83 84
25 40
41 81
21 32
11 100
106 167
20 190
92 99
50 123
8 13
12 197
154 157
74 106
152 163
3 20
106 111
41 179
85 109
90 179
18 58
26 168
24 156
116 117
50 140
64 132
11 194
28 89
75 95
23 140
3 65
192 197
83 86
45 106
114 196
41 64
140 200
112 173
7 42
97 158
2 134
17 114
21 134
134 148
20 103
50 124
10 19
25 99
135 141
14 198
23 97
10 138
10 107
25 46
150 182
158 191
22 198
14 74
119 168
28 186
149 169
112 120
44 176
66 189
16 95
77 170
179 198
174 185
40 154
94 193
68 182
55 136
19 149
67 155
97 128
25 26
53 123
77 111
156 164
52 53
27 131
96 108
37 172
129 172
144 197
4 159
116 120
16 135
50 183
64 182
90 126
108 199
125 157
25 56
36 95
111 184
43 111
79 169
42 86
43 135
63 199
20 43
104 197
136 195
103 108
67 119
12 56
42 134
47 191
64 140
22 82
22 181
75 155
7 113
3 86
86 192
173 178
70 126
161 193
27 88
70 164
123 155
106 155
15 188
88 109
34 90
5 95
9 76
22 28
13 144
4 39
80 89
9 153
51 86
62 77
106 144
105 170
116 122
47 171
45 193
52 195
20 35
10 61
35 44
61 143
53 189
132 149
14 44
34 147
17 169
59 158
65 120
10 11
77 189
79 194
143 149
14 56
145 160
59 119
6 183
84 134
56 193
19 192
29 84
144 167
17 142
4 91
159 196
66 127
55 78
8 162
86 162
130 131
75 185
41 159
96 97
108 118
103 129
105 182
23 129
62 111
125 128
48 128
125 135
72 109
111 130
45 103
110 193
62 83
92 133
159 187
14 18
82 141
113 192
67 193
133 170
11 40
90 105
17 23
105 117
174 191
97 191
28 159
6 52
23 128
121 133
25 28
26 90
82 166
13 169
33 99
52 183
46 173
182 196
156 196
60 81
28 73
44 61
10 70
87 124
91 167
108 145
147 183
77 134
42 66
77 188
172 190
51 144
89 128
169 180
85 149
18 125
75 197
26 106
94 155
104 147
104 136
171 189
78 177
32 43
70 104
125 184
19 101
94 159
159 190
99 107
171 173
99 134
54 128
37 176
86 190
132 167
27 62
27 111
44 149
98 177
31 159
15 183
68 190
25 183
9 15
36 62
35 171
49 128
4 142
169 181
95 194
101 102
80 122
54 150
21 42
96 135
121 171
50 109
125 127
62 181
83 104
95 148
10 35
13 90
113 154
144 185
58 81
18 84
3 88
84 161
24 123
23 158
23 80
14 126
21 188
41 67
52 108
79 185
84 159
145 183
11 165
1 14
8 200
158 199
79 115
55 107
39 168
131 132
90 120
86 87
21 117
69 136
90 182
70 183
25 172
17 74
55 61
4 195
33 181
54 83
23 197
38 40
80 190
109 188
37 95
123 172
107 166
159 164
33 183
138 155
96 126
66 80
35 115
116 195
17 41
50 67
152 180
38 124
80 154
57 77
157 180
101 119
123 164
26 157
28 112
134 179
23 157
17 98
45 92
9 107
3 19
61 83
12 82
88 191
72 116
15 86
32 33
108 194
13 68
36 200
35 164
102 122
56 169
105 150
55 116
2 112
159 198
31 155
139 178
45 85
59 121
119 192
98 115
11 85
73 94
83 156
8 17
57 198
14 122
34 59
51 180
45 161
137 141
21 104
135 189
146 187
60 99
45 142
76 171
156 182
11 127
33 178
103 152
6 138
11 186
110 157
111 112
41 52
85 145
31 35
62 69
65 139
88 107
3 187
136 145
17 153
131 177
2 12
136 180
32 95
6 46
126 161
101 199
87 88
22 131
19 142
36 92
70 116
74 91
68 199
29 125
52 118
15 150
115 119
20 118
99 183
31 108
154 158
88 195
152 179
24 155
148 194
3 63
99 157
104 200
124 175
114 132
135 144
68 119
96 122
27 175
69 105
72 83
106 127
23 67
142 143
177 194
121 155
13 150
39 111
171 179
173 196
76 164
45 187
64 72
25 80
15 89
155 199
30 197
48 83
39 127
33 155
20 108
38 77
39 80
146 183
65 190
59 126
24 171
136 141
154 170
119 175
58 114
34 184
87 133
88 144
9 125
31 175
68 137
162 198
87 157
12 62
60 177
36 38
47 106
61 146
3 120
15 16
125 126
74 191
18 85
41 162
103 132
110 174
11 57
17 156
110 156
26 56
18 188
106 108
115 191
10 176
124 127
112 175
95 109
72 130
116 132
165 198
32 36
134 195
175 190
108 112
15 26
176 183
68 120
15 123
6 15
32 48
52 192
50 200
40 150
64 69
17 173
4 119
119 142
44 65
3 48
49 92
6 153
74 156
89 93
92 101
76 130
94 158
40 41
125 159
135 181
124 184
4 118
48 62
63 148
8 48
16 30
46 177
22 52
112 153
115 117
171 188
52 172
117 174
35 126
101 178
44 141
72 175
6 82
120 172
10 82
167 190
173 180
103 121
13 153
75 199
35 143
10 97
166 172
84 128
54 119
90 111
68 169
6 7
32 142
2 154
80 97
117 123
64 116
78 80
96 153
88 90
120 198
53 154
88 93
84 138
160 183
15 133
15 75
21 184
97 180
75 106
2 156
100 137
36 173
43 99
50 84
82 105
171 172
11 29
75 184
26 112
5 97
188 193
34 60
36 70
111 170
18 171
22 104
17 164
41 106
20 112
23 177
5 129
28 115
159 181
64 199
92 163
40 120
21 122
121 126
125 164
143 163
73 142
81 148
4 98
20 25
52 194
15 112
38 104
136 160
55 83
12 132
21 93
15 29
16 33
110 111
102 166
67 84
75 121
21 151
122 184
22 101
34 109
11 53
19 113
90 97
87 153
17 122
108 110
61 91
49 149
74 157
156 192
15 41
149 174
4 47
25 67
120 180
85 108
76 86
2 157
36 177
65 194
93 161
39 194
29 172
59 65
61 198
138 153
88 118
7 8
10 124
40 67
93 120
165 166
155 156
19 48
135 153
49 154
50 57
27 186
86 151
6 63
67 72
1 2
29 76
103 145
9 198
5 132
38 180
36 63
53 146
49 50
47 55
29 128
6 100
122 163
145 189
64 115
32 169
8 166
72 86
4 72
98 122
92 165
67 132
100 141
80 165
77 137
52 122
1 47
2 94
71 104
71 164
34 38
124 126
2 183
103 176
53 116
69 156
127 128
62 161
31 107
80 94
171 192
48 127
84 107
62 148
88 89
183 190
72 127
26 97
7 120
24 189
20 38
12 170
14 174
70 135
16 147
37 89
12 81
34 198
20 51
107 144
9 117
88 189
3 124
42 59
39 99
7 152
43 57
61 85
94 167
127 192
19 20
1 102
56 161
118 200
95 160
43 87
64 195
93 166
159 173
60 150
91 104
48 72
106 145
71 77
55 86
185 200
59 91
90 102
28 132
5 13
44 120
42 115
17 24
105 166
87 184
79 195
101 193
59 169
12 71
110 166
33 38
4 170
33 45
109 137
45 76
7 65
40 60
36 54
132 142
35 37
19 43
49 110
77 125
98 186
44 123
151 189
68 152
167 171
68 195
77 100
22 26
60 132
59 90
142 185
11 149
54 125
50 121
118 162
65 80
63 94
24 31
37 194
24 38
67 139
61 118
147 199
51 52
128 149
38 131
4 55
26 200
18 28
138 159
113 146
33 177
135 184
55 188
64 100
92 168
100 157
128 180
110 159
186 199
26 81
30 75
131 182
90 98
100 104
29 98
44 179
43 44
102 156
10 194
22 127
27 172
50 167
76 149
191 198
107 188
33 74
9 122
18 199
146 172
45 104
105 144
48 198
44 55
91 168
27 196
57 177
109 161
65 119
121 142
86 145
59 138
48 73
90 99
46 156
27 137
14 69
24 137
9 175
15 87
25 140
43 98
43 51
8 156
109 163
26 65
103 119
90 190
39 78
159 200
148 186
11 20
28 177
18 27
33 68
110 131
119 120
31 115
174 188
48 99
35 70
81 157
111 181
26 41
92 117
75 86
9 44
77 199
62 158
5 199
63 64
66 136
20 199
92 175
129 165
143 174
44 170
16 185
19 95
31 161
9 10
63 76
65 135
59 60
8 72
154 187
31 47
13 57
50 190
104 181
180 184
123 135
18 19
40 190
36 119
25 72
6 92
53 89
38 121
149 178
25 43
75 190
52 120
10 86
10 145
42 64
139 152
135 171
15 171
30 176
66 88
122 189
14 90
38 185
7 173
79 98
24 103
76 165
96 125
5 68
67 145
44 169
37 68
63 66
117 142
6 87
58 173
90 184
120 125
97 115
2 166
32 86
158 193
138 192
6 106
34 97
110 153
128 160
89 90
11 128
90 188
143 192
8 80
60 105
3 176
32 58
164 182
7 27
139 158
24 135
133 198
88 165
100 199
46 153
95 127
107 179
22 159
5 184
53 111
41 53
57 166
14 102
20 22
58 66
28 168
9 177
78 146
37 39
105 134
30 144
81 193
149 184
67 183
97 161
139 191
96 142
4 16
29 102
69 98
138 144
104 151
110 127
65 111
94 176
32 117
10 169
101 190
39 115
53 179
26 70
126 190
54 108
18 80
74 121
29 45
143 187
50 118
38 96
108 109
62 139
53 81
52 162
41 184
79 156
153 195
31 149
91 171
129 194
69 112
30 44
9 136
110 138
62 96
41 197
147 185
12 92
97 182
5 158
76 121
116 164
172 196
64 165
112 113
165 176
16 34
128 136
170 192
44 113
94 185
38 165
75 119
23 60
97 138
32 145
24 160
11 18
38 149
55 171
159 193
30 31
66 192
135 180
85 92
51 100
58 196
159 162
112 197
21 96
6 134
94 152
91 92
82 139
84 144
143 190
115 124
40 113
7 63
131 171
95 184
50 72
84 103
180 187
18 134
94 135
8 63
2 111
120 196
76 148
43 61
74 166
26 27
11 103
20 77
78 83
115 121
89 129
42 109
147 186
131 196
60 88
132 172
82 125
30 72
44 92
74 155
21 73
102 125
12 167
18 173
142 169
7 25
22 184
145 185
21 200
145 184
125 171
3 37
29 31
2 72
15 177
148 163
17 36
83 182
17 162
125 189
38 174
20 184
59 115
14 153
13 106
26 130
13 181
10 38
162 182
47 188
15 193
68 69
67 187
94 96
187 191
34 77
14 192
90 112
31 100
127 133
71 122
49 151
2 101
56 146
35 183
63 156
16 78
68 175
112 194
42 88
95 120
26 50
5 114
1 180
10 42
49 61
67 151
25 192
166 195
152 164
44 74
93 146
176 185
71 169
44 114
35 113
32 137
141 162
18 55
52 158
4 177
28 29
33 97
11 159
34 121
1 93
91 198
16 188
45 178
22 143
123 131
72 104
25 76
100 156
67 124
99 105
139 140
144 154
7 18
1 168
48 59
120 200
106 109
29 81
70 145
71 133
37 82
31 83
38 68
74 187
28 46
81 195
6 76
109 112
44 173
113 179
30 129
58 117
109 124
53 79
71 118
45 189
58 159
21 138
45 66
22 163
143 154
31 101
132 188
4 45
88 161
134 178
58 163
132 161
174 177
71 168
4 51
17 108
47 178
19 54
5 84
67 111
3 41
107 135
12 119
35 74
61 110
75 114
76 144
80 150
152 194
61 144
48 49
7 31
92 160
147 176
77 166
1 145
31 68
18 167
41 191
2 14
127 138
17 175
53 110
66 142
168 200
65 98
119 190
24 141
6 70
7 162
85 127
17 86
73 156
30 41
19 190
16 64
134 141
117 183
163 187
34 84
132 175
47 58
47 152
49 199
26 61
126 184
93 148
50 105
55 151
137 145
25 89
97 192
6 36
161 186
185 192
50 148
36 178
2 158
14 161
7 55
24 190
35 197
135 159
18 148
52 78
54 195
153 199
3 195
25 166
54 172
2 19
97 116
106 159
85 152
60 63
47 189
57 85
106 174
161 184
22 39
17 151
60 197
54 118
24 85
83 108
44 94
102 150
12 109
41 148
98 106
36 134
1 89
7 167
41 88
71 147
59 197
18 71
39 141
58 187
36 72
66 119
111 173
84 178
66 179
123 151
40 148
26 45
1 190
4 5
132 193
148 159
91 138
1 12
14 187
18 120
15 169
66 195
158 176
79 84
86 132
61 137
9 63
34 153
64 153
3 159
121 136
78 133
2 3
82 140
74 170
69 197
29 38
43 141
9 164
141 198
74 142
14 185
51 152
14 40
1 78
66 151
85 166
29 58
74 148
92 150
2 195
69 113
37 118
140 192
92 156
116 167
57 75
32 166
32 66
48 173
62 121
56 168
77 93
32 75
99 200
160 186
23 160
3 115
15 124
35 89
47 48
26 108
195 198
32 78
94 98
112 176
10 121
76 77
143 200
49 160
58 85
18 107
68 149
23 110
63 115
27 193
37 157
16 37
46 139
2 151
34 100
79 80
24 88
117 173
40 59
16 67
53 108
29 78
22 27
14 32
169 196
65 144
74 173
40 164
7 51
69 189
167 178
28 124
136 173
20 183
71 167
89 95
101 169
28 144
78 191
42 90
22 160
141 179
111 171
58 124
42 130
99 168
82 189
79 116
29 122
17 71
13 33
50 135
83 98
76 174
139 189
44 194
151 174
130 163
161 187
101 197
67 191
49 165
114 175
94 187
125 175
23 181
136 194
100 134
150 192
57 163
65 97
122 177
129 145
81 122
61 187
24 27
98 159
97 107
39 187
107 164
70 160
95 104
22 125
10 69
68 136
34 173
100 113
95 186
82 198
57 100
34 74
60 171
33 79
82 184
42 68
21 181
10 134
22 172
165 200
17 65
13 14
130 158
94 131
128 178
49 163
93 182
50 180
18 109
53 143
155 187
49 187
123 142
59 82
149 170
72 89
2 181
99 195
34 119
95 126
108 120
63 135
119 162
109 110
62 110
81 130
41 136
91 164
120 157
86 198
23 45
112 170
69 151
12 79
87 177
170 177
8 169
61 101
187 194
77 84
124 162
45 135
68 172
7 184
134 150
151 168
87 114
79 162
111 125
5 38
115 173
86 173
16 24
26 42
86 103
49 112
6 9
171 200
131 184
63 118
21 69
35 87
9 130
16 193
70 123
70 109
142 150
28 191
78 89
6 68
16 153
152 162
92 124
110 113
28 113
24 153
121 194
15 76
73 169
34 117
63 113
70 98
65 132
48 152
118 176
10 144
104 173
54 63
75 109
89 174
26 119
50 94
25 132
1 138
37 64
134 147
144 173
125 167
5 167
166 184
64 147
12 91
88 179
33 94
29 157
64 74
95 141
127 129
65 171
20 129
112 133
101 109
101 177
119 130
58 89
157 193
131 135
17 59
91 98
80 117
60 123
79 86
55 174
25 33
165 191
15 34
154 186
84 191
30 200
39 58
96 117
87 195
57 125
9 132
186 200
6 44
3 152
15 105
23 127
120 152
110 192
32 189
153 157
46 183
112 158
12 103
14 48
24 182
27 126
169 200
155 184
41 168
14 128
24 199
61 129
41 42
11 120
19 77
125 147
60 194
20 192
156 181
40 81
16 182
75 99
76 185
118 139
137 166
73 97
55 90
112 160
97 109
4 12
51 176
5 92
162 195
53 133
44 162
105 110
156 170
8 192
110 145
105 133
95 169
181 187
84 90
59 155
73 182
44 103
39 106
93 180
112 156
49 66
18 124
9 67
60 102
22 200
50 120
136 152
11 162
60 89
101 116
161 194
13 101
43 139
28 184
16 183
42 188
17 43
23 168
45 113
20 122
6 103
177 185
80 155
85 97
37 167
21 164
88 142
5 96
79 163
28 131
15 88
101 105
41 186
66 165
118 136
90 162
3 162
102 116
67 76
111 128
24 42
21 113
46 179
77 126
117 169
4 50
104 186
15 157
42 43
26 183
170 198
16 99
35 75
62 99
39 110
44 182
102 139
77 118
44 118
28 165
65 175
63 107
18 119
133 149
67 194
3 71
91 195
68 167
97 125
170 183
23 63
62 91
91 132
88 137
118 120
25 185
39 83
22 118
16 90
47 135
131 145
37 60
6 71
35 82
26 83
10 155
143 185
16 23
78 195
7 74
57 109
47 196
5 116
64 137
38 133
139 151
90 94
31 197
60 188
89 123
97 152
2 191
11 166
23 199
64 130
56 96
55 189
51 153
77 96
33 34
57 126
25 73
132 158
61 131
33 138
16 173
117 197
118 119
46 65
134 194
96 148
12 74
42 84
35 168
20 141
99 146
159 186
95 97
165 194
31 50
10 67
64 98
109 157
72 118
5 109
45 101
102 185
83 85
120 175
25 160
58 169
26 195
59 131
107 185
12 87
17 131
14 157
116 170
109 180
79 136
24 185
15 155
145 168
14 106
19 89
73 183
19 64
15 100
42 103
110 129
61 75
17 90
18 105
83 101
31 66
49 129
20 24
29 97
7 198
10 83
127 156
184 185
143 164
106 156
69 104
145 196
105 145
81 132
78 130
59 196
60 104
137 156
18 102
107 200
33 140
41 127
162 169
31 32
23 105
19 24
67 123
48 132
10 182
86 108
104 130
57 73
33 96
73 188
27 189
41 43
108 186
64 177
83 190
23 29
119 165
51 116
58 166
111 138
13 168
92 118
98 143
65 133
187 193
66 110
7 52
48 165
117 119
36 162
63 77
111 151
53 191
66 173
46 70
115 164
17 127
8 9
17 87
136 199
89 162
69 166
64 105
123 124
64 65
137 188
61 200
32 193
47 155
42 75
151 197
35 36
121 177
53 200
96 131
22 89
177 189
23 70
98 146
60 61
6 148
23 159
124 145
89 171
80 142
52 89
122 166
164 198
8 104
15 82
81 129
107 129
153 192
44 193
13 166
155 181
11 47
23 195
70 71
20 126
100 147
99 128
46 193
133 166
125 129
153 181
54 75
62 199
45 64
29 87
50 192
21 172
37 177
84 118
17 81
14 200
104 193
110 173
48 146
29 86
37 193
92 100
121 146
82 121
139 187
35 186
25 194
1 153
84 200
14 117
46 126
110 132
53 137
85 111
112 117
37 199
5 189
143 178
69 153
136 170
46 75
109 179
51 126
112 184
62 150
44 51
40 194
84 123
171 181
28 153
50 168
27 59
79 182
149 198
85 122
64 101
34 37
56 126
4 63
8 22
11 26
6 23
7 90
62 102
159 160
24 90
121 174
14 19
9 179
16 152
37 108
28 136
61 164
20 41
70 193
20 48
146 170
9 199
126 156
54 166
137 161
111 196
62 75
123 199
152 199
1 9
183 195
156 183
99 151
67 68
69 139
18 185
122 125
7 164
18 53
27 200
5 103
61 69
12 19
40 174
66 121
5 62
7 159
25 197
68 118
89 142
9 89
100 189
71 95
105 153
62 176
86 185
96 151
189 198
30 135
119 131
7 33
24 49
71 101
122 183
114 134
107 115
138 184
55 127
158 183
5 134
29 141
84 85
160 165
46 47
60 95
45 115
2 182
87 175
2 192
14 180
112 186
60 158
69 161
29 61
84 175
58 76
20 61
3 91
20 117
16 86
124 130
34 122
95 114
64 70
16 115
5 130
184 190
6 55
31 98
172 178
22 43
68 127
107 196
1 32
26 165
9 138
138 164
66 194
111 199
25 169
102 117
93 118
148 180
134 137
117 118
97 185
50 181
103 169
83 128
37 151
103 125
71 74
63 186
6 39
15 194
19 131
7 62
130 195
12 151
71 119
28 169
133 155
59 195
134 135
180 197
54 127
104 138
1 122
52 199
50 144
30 190
122 199
80 163
23 94
52 112
80 177
87 189
73 108
45 194
105 187
66 108
28 91
92 181
114 149
39 135
86 184
65 161
36 45
44 159
47 172
7 104
21 72
43 109
58 73
23 152
49 51
102 144
11 63
61 119
34 89
61 168
9 147
46 144
129 164
10 135
33 126
59 95
36 71
139 197
122 193
78 86
62 63
113 144
118 194
18 95
83 160
45 177
26 153
132 133
4 28
157 172
82 179
17 119
37 178
182 200
54 134
142 161
39 153
169 199
79 122
41 125
83 173
89 103
9 167
106 168
79 177
131 181
63 101
4 114
12 137
152 169
78 79
3 113
70 177
2 124
40 76
91 155
2 97
22 44
61 116
46 189
197 198
60 165
45 130
53 126
62 179
20 160
51 143
30 156
162 176
21 56
68 163
17 159
9 25
4 143
25 98
67 157
86 113
45 195
41 156
67 96
123 179
62 118
13 87
92 97
126 186
77 196
141 156
5 80
124 139
1 29
106 136
132 182
73 74
74 139
106 198
72 196
69 119
42 183
21 65
49 140
52 140
96 152
115 147
29 165
152 171
10 32
21 62
69 140
109 152
75 151
34 41
43 183
8 151
43 194
111 135
156 199
130 146
53 124
23 87
90 139
127 191
27 136
78 124
28 152
39 170
15 69
48 145
80 160
83 105
15 198
86 112
48 113
86 117
53 197
3 31
26 181
113 173
78 152
74 174
61 104
148 169
140 149
80 121
18 144
24 162
104 150
5 165
142 144
71 81
32 39
120 142
124 135
62 114
27 181
131 161
151 184
3 181
74 130
28 41
193 196
63 69
104 175
116 168
37 127
46 163
90 101
75 169
49 105
95 112
105 118
22 41
131 140
40 94
95 185
23 161
10 20
66 92
53 54
82 124
87 112
64 94
15 58
70 187
120 131
128 197
6 197
19 72
31 48
94 128
85 191
157 187
28 58
29 145
131 148
20 54
62 74
42 79
71 182
119 153
73 77
80 81
86 171
77 192
186 191
142 198
23 125
44 69
54 126
81 107
36 123
119 144
18 176
86 174
99 184
31 82
44 96
75 76
90 91
27 129
102 112
4 23
3 157
129 174
61 94
37 183
84 163
50 138
36 142
83 141
77 162
96 145
41 98
104 177
14 95
102 135
20 144
80 92
103 111
59 117
26 146
51 105
71 131
4 10
4 178
94 164
23 81
123 152
113 164
64 87
8 178
36 126
76 153
28 65
38 129
128 171
23 122
47 80
41 119
16 41
21 57
66 177
12 143
16 47
74 75
70 197
20 131
51 62
17 18
13 157
47 190
109 164
158 171
183 187
61 109
97 189
43 96
3 199
33 145
87 131
13 154
73 173
1 71
37 73
17 88
49 168
57 182
71 79
5 59
68 72
125 140
132 139
164 178
88 124
118 123
27 158
157 197
31 192
6 69
7 93
163 193
168 197
64 188
95 200
1 106
19 99
15 163
113 140
61 165
169 195
168 169
52 119
9 157
22 86
21 171
8 170
97 122
74 99
109 119
46 182
48 179
11 105
157 190
44 166
13 174
4 164
83 148
58 64
87 130
14 58
132 155
35 200
80 100
143 189
56 122
142 189
12 100
41 100
163 173
1 23
11 62
20 125
15 185
32 182
25 55
75 96
16 103
18 184
80 105
164 188
37 189
48 56
130 171
43 129
37 110
13 170
8 127
94 97
104 179
145 155
135 175
70 81
73 162
101 117
39 59
29 68
51 89
8 117
128 169
67 108
135 185
6 118
84 147
2 58
110 112
11 95
57 67
116 161
178 196
96 111
24 54
19 39
154 180
85 142
8 58
80 167
24 136
12 45
83 195
80 183
104 174
103 106
115 134
23 107
64 78
27 78
149 155
33 170
76 190
1 160
22 171
114 160
16 165
23 114
41 193
42 179
114 146
32 35
11 142
4 176
126 127
120 140
51 155
142 155
2 197
17 161
62 76
55 169
60 73
25 155
119 177
30 146
8 194
17 29
36 69
143 153
91 182
139 147
11 190
128 165
56 87
26 189
140 179
39 181
51 94
143 186
54 151
130 184
94 139
35 54
30 81
6 167
6 111
93 119
1 161
64 181
86 191
26 101
44 104
84 186
43 120
6 177
8 121
14 188
39 117
105 126
16 123
81 174
130 153
62 152
94 162
10 132
25 39
123 182
167 200
110 194
31 195
176 195
61 189
88 110
111 176
27 102
70 185
133 174
3 119
48 78
16 122
50 133
71 181
66 168
56 191
46 181
78 192
56 156
42 198
64 117
10 175
149 200
162 194
23 66
148 198
136 157
19 65
56 93
76 151
99 156
18 98
78 99
129 195
155 164
2 184
35 98
102 159
25 186
74 135
5 173
54 55
10 62
145 163
125 154
17 186
122 162
143 172
148 183
20 39
63 125
76 137
30 151
138 152
25 191
138 150
44 150
13 28
58 90
124 141
65 81
121 131
34 148
184 199
116 153
99 133
189 194
38 97
18 79
57 171
94 123
35 76
16 87
52 91
40 79
108 119
4 88
21 199
151 167
22 156
61 64
30 35
24 134
59 61
127 179
71 174
61 127
131 193
146 193
116 130
10 120
12 190
126 168
24 200
62 196
175 178
64 85
147 200
17 133
136 146
24 169
46 174
114 167
73 175
50 51
92 112
86 122
105 169
114 178
151 164
50 58
129 167
25 61
99 187
50 195
113 166
174 175
5 128
95 173
67 71
113 114
33 51
10 163
126 188
175 197
57 81
144 149
63 164
38 47
58 197
30 76
87 118
104 184
38 54
65 172
75 165
56 108
11 195
32 52
9 194
172 181
88 175
147 167
15 25
8 97
89 138
1 53
89 168
118 186
29 48
14 75
80 161
112 147
148 150
42 133
32 102
150 191
7 79
28 50
82 83
127 152
110 175
16 163
55 135
59 178
103 194
57 61
26 72
48 116
116 169
40 106
12 199
36 73
79 128
52 55
45 133
94 194
136 156
61 111
88 150
113 150
30 158
14 109
101 164
14 67
99 192
23 33
5 6
31 104
90 104
72 158
21 158
15 36
157 196
33 47
26 140
57 114
124 125
9 99
96 166
120 143
52 196
170 191
20 174
24 53
59 114
15 190
151 195
47 92
115 128
15 71
20 128
105 159
85 158
51 197
35 141
27 40
100 101
100 179
90 103
12 158
55 163
5 104
142 174
110 151
40 44
144 181
4 168
2 88
1 54
84 96
126 137
110 186
73 181
89 167
18 187
36 53
65 151
5 100
111 122
65 196
12 114
61 65
11 25
98 162
75 166
8 113
76 92
117 121
9 80
40 169
48 75
32 57
12 182
54 101
7 95
142 183
38 56
91 149
56 183
6 115
78 189
82 196
44 158
36 49
67 170
151 196
5 175
53 161
66 67
135 195
21 46
38 79
30 94
101 118
61 166
131 166
84 112
117 130
85 94
48 76
183 198
38 49
101 104
52 58
30 48
1 41
19 87
74 141
65 122
110 155
23 176
99 101
57 64
61 175
19 67
68 125
34 129
66 188
20 176
141 196
87 171
166 198
105 136
103 137
50 59
65 142
69 128
98 154
118 131
67 152
101 196
67 164
76 114
150 176
21 130
28 81
132 194
49 175
102 109
29 149
46 127
58 178
101 157
4 61
71 127
101 181
10 111
158 175
41 83
50 125
161 195
22 64
59 88
41 133
89 106
9 180
53 98
45 168
5 136
150 185
104 161
58 86
44 71
126 195
122 194
3 190
6 11
51 129
24 146
94 129
87 141
154 193
105 146
88 171
23 135
79 104
4 113
126 165
107 173
129 161
8 187
110 167
90 192
169 198
21 68
63 196
140 187
15 129
42 141
34 108
97 98
8 66
8 123
107 125
23 178
55 157
19 182
56 166
89 127
53 93
63 197
25 200
4 67
26 76
68 179
108 153
14 177
23 65
47 86
122 161
110 118
59 159
99 164
103 186
160 195
70 136
121 172
8 137
112 198
95 96
51 200
4 134
119 121
31 144
13 107
8 182
71 93
48 98
132 146
139 176
45 111
35 165
33 41
81 182
53 140
85 164
114 176
151 178
171 187
28 178
50 139
36 147
176 188
45 87
188 189
102 184
32 178
58 95
65 106
47 61
147 198
1 70
39 155
13 34
37 142
52 106
58 200
63 170
19 26
10 143
25 44
56 172
116 157
63 91
136 169
118 185
43 191
32 68
4 7
47 143
17 197
95 99
31 42
48 90
106 190
25 182
111 174
107 113
123 189
50 150
135 150
123 160
140 189
169 197
18 82
65 149
172 188
24 36
10 189
62 168
36 129
38 175
63 180
98 99
123 175
56 111
13 21
23 56
70 165
91 122
48 197
100 144
34 124
110 148
85 128
24 117
7 171
188 198
75 130
114 147
99 131
48 93
156 157
10 40
23 193
52 156
104 182
126 133
95 137
74 101
46 76
138 176
21 177
156 194
72 79
30 66
45 98
145 150
23 175
25 109
147 152
63 65
58 121
77 169
35 61
12 127
47 142
100 135
5 78
69 97
121 170
56 100
44 45
192 195
11 121
77 142
157 169
111 142
122 150
145 153
114 143
9 28
74 120
27 179
40 121
34 42
45 125
70 147
123 138
41 146
35 65
79 172
79 144
80 188
100 151
15 50
36 78
19 114
46 116
123 191
1 118
13 199
77 130
28 107
24 192
129 130
26 132
19 165
8 154
73 161
16 149
108 127
131 154
59 152
50 62
85 88
68 131
29 93
3 54
52 157
14 87
37 115
155 174
93 176
7 138
34 127
40 196
21 61
48 139
61 72
120 145
95 153
116 190
113 143
77 165
47 83
46 168
124 143
6 28
2 85
10 87
5 12
65 95
14 162
53 58
3 177
144 171
6 163
76 83
132 144
58 71
111 175
145 197
56 68
97 144
107 160
120 179
88 143
15 118
132 153
134 193
106 139
74 185
76 133
22 106
24 93
33 39
56 58
3 10
2 43
7 196
45 50
121 156
133 146
94 122
39 193
8 32
64 93
99 154
3 117
67 158
161 191
5 19
48 57
38 86
87 110
1 159
15 158
74 86
106 125
108 173
57 95
39 40
57 140
18 157
46 61
78 101
37 38
8 193
43 178
25 82
190 194
63 147
23 28
179 181
91 183
40 178
90 127
124 192
88 196
21 132
17 34
66 196
102 146
7 30
16 32
47 116
35 56
144 175
142 152
112 137
177 197
58 83
6 169
10 78
1 195
31 38
48 156
166 177
104 157
126 167
113 162
76 103
128 172
67 131
83 133
14 112
68 196
10 101
7 114
118 140
21 38
174 186
59 83
71 112
124 186
92 164
38 171
24 25
10 79
30 114
135 190
71 108
18 48
16 46
46 160
68 155
48 96
22 192
75 110
122 123
30 70
67 150
27 149
33 142
76 124
91 100
90 125
45 197
91 119
33 123
43 54
43 76
115 155
14 62
71 173
34 200
68 159
2 78
42 151
93 103
102 199
19 60
80 99
29 159
133 180
2 177
87 174
65 88
181 191
5 48
8 164
1 188
26 143
49 148
69 184
44 185
46 59
78 136
19 82
119 125
48 104
15 111
21 45
21 154
124 142
17 113
85 137
121 122
29 187
101 168
74 164
30 193
50 113
42 92
49 126
104 139
147 170
3 33
7 96
83 140
40 142
134 163
42 61
80 83
73 85
81 124
30 150
127 157
5 106
84 177
2 47
1 27
142 199
12 163
38 89
50 155
89 184
94 151
51 82
23 34
152 188
56 71
145 178
64 154
20 33
29 40
167 197
71 162
107 169
22 126
9 19
44 137
117 175
11 115
116 193
3 40
121 147
152 197
29 163
1 107
109 191
72 198
32 154
40 64
50 176
96 196
39 92
94 161
59 194
47 173
5 83
148 166
124 198
27 168
1 68
40 127
11 143
97 157
6 120
144 152
68 147
29 186
23 58
54 112
83 171
82 185
158 162
128 198
114 159
123 125
142 160
43 173
66 91
20 89
123 194
7 32
86 164
119 170
10 185
61 124
163 169
45 122
40 157
12 96
64 106
36 136
104 125
54 97
35 172
46 87
23 72
137 197
64 149
13 73
75 141
50 74
7 121
181 189
45 199
69 181
104 169
83 111
145 165
78 199
33 35
82 187
138 174
3 140
25 161
139 172
85 178
130 176
135 155
45 60
63 169
63 163
20 29
54 57
70 196
38 168
30 195
6 147
6 94
170 171
41 105
106 107
93 149
103 172
101 123
149 162
163 167
86 150
73 121
80 191
72 180
103 118
92 138
166 174
141 178
138 140
148 165
17 82
113 175
2 65
91 123
14 138
68 143
13 26
58 148
1 148
12 173
14 100
88 194
40 133
173 184
131 144
50 141
132 178
123 143
117 198
65 90
24 159
86 159
66 75
34 194
2 136
2 8
133 172
50 151
45 192
133 195
120 178
72 136
61 177
168 185
22 186
59 190
122 131
129 182
125 187
32 186
112 185
19 73
27 89
16 50
158 194
32 130
105 130
105 107
26 193
93 162
102 103
24 188
60 96
99 113
87 136
65 187
39 144
37 180
27 94
52 132
29 73
60 67
34 185
108 165
88 98
140 144
7 69
98 191
123 145
193 200
26 180
97 167
133 175
15 191
18 57
153 156
151 188
77 168
49 70
65 76
127 134
82 106
15 22
100 110
21 156
44 192
49 82
164 171
40 63
115 184
55 161
151 198
25 181
24 186
3 67
6 74
124 173
55 74
109 149
60 93
29 184
18 194
140 195
18 63
23 138
118 192
32 185
86 90
84 91
139 142
140 194
88 188
145 182
7 102
30 127
124 134
50 172
166 191
137 199
118 135
125 199
3 200
126 189
90 141
126 180
163 195
54 187
1 24
17 63
3 9
1 33
45 90
69 115
89 132
30 118
55 144
133 134
132 136
167 173
159 175
93 185
43 56
147 174
56 181
67 79
39 186
93 98
13 98
63 95
177 188
26 60
91 144
3 15
134 167
27 156
15 154
79 94
88 198
81 189
53 97
74 89
96 144
30 54
25 108
54 200
49 55
51 101
20 75
74 159
69 118
62 107
94 149
74 80
139 174
5 198
60 183
78 147
81 164
49 146
188 194
80 194
145 173
125 150
43 169
14 50
61 180
95 139
112 193
89 110
34 140
89 178
51 175
18 138
45 165
14 176
3 52
9 22
104 148
85 90
93 193
81 181
27 132
123 200
16 63
53 147
166 173
135 199
47 192
89 148
9 41
45 75
5 151
68 81
92 142
120 186
29 158
22 100
77 163
98 176
97 145
129 148
88 169
49 188
18 29
65 159
65 102
90 191
25 153
70 189
61 105
94 95
24 34
19 172
25 32
65 94
128 129
137 185
54 191
10 116
112 114
4 173
30 68
113 127
100 196
15 136
40 131
4 127
72 184
177 198
116 192
162 180
49 108
50 103
8 172
49 102
155 166
153 163
62 92
165 183
180 198
150 171
4 74
62 84
87 120
107 153
43 117
22 57
169 187
3 131
48 67
6 158
13 160
97 194
61 191
14 25
18 20
11 173
52 69
28 42
7 187
45 51
49 120
112 136
30 192
63 140
17 66
87 144
96 104
35 59
47 126
75 132
81 155
108 157
59 92
138 181
84 198
24 48
132 165
57 196
2 48
126 132
53 151
70 103
75 173
150 178
32 46
117 140
12 106
56 79
16 75
5 183
14 160
34 45
62 146
118 121
21 120
15 37
49 123
2 29
178 200
30 133
119 184
159 179
114 127
78 98
63 190
127 153
121 192
32 124
160 181
57 128
119 186
142 175
3 76
28 176
53 148
41 85
16 66
20 74
36 85
116 148
6 149
67 160
92 179
60 133
55 141
98 180
67 172
13 171
7 189
38 138
164 191
50 170
147 158
88 184
29 103
87 138
95 113
56 106
8 88
70 166
56 198
31 151
57 115
14 33
16 176
101 136
26 73
86 130
160 167
30 69
143 145
129 155
82 180
134 171
92 173
8 44
64 81
15 61
37 132
105 106
63 102
98 198
111 148
50 66
41 78
30 62
107 180
101 128
24 32
28 179
20 105
61 196
51 109
50 165
33 184
126 199
19 23
63 155
63 120
131 190
114 124
46 146
63 98
86 179
19 52
51 76
83 96
130 172
12 147
29 95
56 119
36 170
45 146
23 76
42 91
26 29
23 185
88 141
87 168
136 196
8 146
63 185
41 190
21 53
89 121
67 117
74 171
107 172
77 183
38 182
75 195
1 63
6 12
42 49
73 199
118 189
125 165
79 197
136 148
1 130
18 77
56 99
17 61
49 195
119 148
41 138
44 136
16 105
29 70
35 167
179 192
24 78
3 22
22 53
36 98
74 161
42 56
86 125
27 37
21 25
57 108
39 118
33 114
144 150
92 154
9 83
104 187
132 156
58 111
87 146
79 158
46 95
45 127
114 115
5 137
84 140
117 159
117 149
55 131
88 159
60 124
96 179
75 179
69 182
51 130
113 142
129 163
137 192
103 133
34 56
18 111
53 136
168 199
118 188
11 41
141 199
83 123
1 112
36 137
77 124
14 165
135 198
66 93
6 29
169 194
97 179
39 107
12 144
10 142
133 140
28 185
5 89
38 53
71 148
143 182
90 129
129 176
36 143
137 187
120 169
96 186
64 89
79 126
126 164
24 100
51 190
41 170
146 162
5 169
54 178
50 61
92 188
29 113
115 149
10 109
83 93
26 173
38 173
126 147
33 135
136 144
20 167
127 144
51 121
39 113
87 160
32 108
41 166
25 122
17 48
95 176
4 107
144 198
14 22
31 166
71 96
90 147
3 75
170 174
69 122
98 161
191 192
68 138
18 181
164 187
129 141
142 158
76 94
110 188
83 194
74 160
31 171
25 62
68 189
21 108
74 94
9 160
4 38
12 32
80 153
163 171
167 177
27 141
25 120
68 194
18 190
91 170
46 191
132 134
95 187
81 94
111 168
41 59
133 186
11 152
40 124
185 191
2 89
77 141
34 187
66 83
37 125
122 137
39 179
31 61
151 157
105 135
152 161
98 200
42 58
79 151
83 146
14 169
42 93
113 145
14 155
39 163
63 183
83 197
34 81
49 90
89 186
143 150
47 130
76 183
128 200
110 137
54 167
126 179
107 123
138 145
118 155
96 187
30 138
51 182
153 187
73 147
123 154
12 35
91 141
75 100
168 192
179 193
63 158
79 186
6 51
43 100
68 173
51 178
41 142
50 185
64 143
14 139
152 170
115 146
157 186
21 63
88 157
43 110
19 21
45 68
131 194
85 189
6 180
21 66
18 172
7 191
74 85
4 90
143 188
82 173
64 92
125 138
14 114
10 77
80 131
13 151
99 100
54 177
94 126
69 70
48 163
37 181
32 156
10 56
157 199
125 177
22 115
124 189
3 57
41 189
80 107
110 183
51 55
42 195
154 175
181 200
3 98
121 161
76 178
8 92
102 114
56 192
111 115
54 133
8 142
41 116
50 82
148 173
94 168
123 185
9 102
176 178
55 138
39 178
63 192
19 42
47 146
53 178
27 169
141 191
141 148
100 186
165 173
51 161
18 86
2 196
90 153
141 143
161 164
103 104
78 110
61 68
53 118
55 99
48 85
58 136
29 167
13 187
59 170
6 199
102 171
118 172
64 171
35 147
70 92
5 168
31 122
62 195
1 131
47 103
1 167
20 197
107 112
29 190
53 104
66 131
66 126
106 151
50 199
37 114
169 193
118 158
68 89
91 133
25 167
5 147
50 55
46 101
56 148
36 158
53 90
75 191
44 183
74 138
38 106
178 184
107 168
101 133
58 116
3 43
40 99
47 67
26 184
27 115
70 171
128 145
9 97
72 181
15 62
82 87
119 196
106 146
92 127
46 165
66 166
33 165
84 114
45 179
4 92
8 157
106 186
105 178
66 81
74 137
67 85
64 197
49 79
55 126
27 58
2 55
43 52
126 171
14 149
49 95
26 174
62 174
57 118
60 117
24 132
3 49
61 172
98 197
95 181
95 190
13 122
54 155
178 182
133 139
15 66
112 116
18 189
30 173
79 95
167 192
161 172
38 70
157 171
24 89
3 186
43 102
127 161
62 94
17 128
117 150
176 191
20 44
129 132
5 138
58 59
26 161
23 180
63 175
22 145
13 82
23 136
3 147
96 120
37 77
47 132
138 143
101 179
145 167
16 168
81 118
43 55
149 158
31 55
133 188
128 139
65 184
51 141
22 23
43 176
111 166
34 191
77 136
46 150
43 172
11 16
24 96
106 169
96 165
42 125
75 103
102 165
61 135
1 100
100 146
102 120
93 109
82 136
66 180
18 62
106 180
15 93
38 83
90 107
2 80
26 118
15 73
138 147
9 33
66 157
9 88
40 167
69 102
10 89
2 110
14 60
102 186
68 80
163 184
151 173
45 69
50 114
55 175
92 172
86 110
51 162
43 125
121 193
173 177
70 89
35 38
72 167
58 141
13 129
77 107
81 93
29 173
45 46
26 194
20 21
57 123
27 87
134 144
156 178
138 196
105 148
175 196
39 93
38 118
136 187
19 49
2 105
3 4
9 178
65 200
1 179
27 28
31 52
50 81
39 108
59 86
52 111
139 194
3 50
150 159
42 126
19 135
46 190
94 130
38 117
154 177
11 93
92 93
95 149
126 182
6 88
129 157
18 158
80 95
83 149
26 159
14 182
27 29
52 145
94 124
126 191
108 156
16 161
75 142
1 192
51 59
74 92
36 198
73 105
12 108
124 178
78 163
19 137
105 162
29 160
146 158
60 112
17 177
136 149
19 27
59 136
18 73
169 170
81 120
39 132
147 164
75 170
31 141
70 88
12 21
21 34
79 176
7 106
98 120
63 81
90 168
191 199
83 126
34 199
142 148
135 200
43 94
104 192
105 149
98 182
55 172
131 133
51 67
8 176
82 193
21 170
81 177
91 94
81 178
12 24
48 142
36 42
21 22
3 8
139 186
21 47
4 155
34 180
76 200
60 107
136 200
31 102
10 181
46 151
53 99
62 159
159 184
158 188
147 168
29 126
63 83
31 125
142 145
126 178
48 196
32 83
52 54
76 105
6 64
52 136
114 150
156 197
32 100
8 181
107 136
131 188
54 66
23 75
85 174
144 156
106 114
80 144
98 134
1 147
44 106
57 132
137 181
66 169
32 72
79 109
58 191
44 178
8 133
64 66
135 197
44 98
