200 8630 158
-754 -93 222 -213 -342 -722 -116 -827 269 -176 152 525 -708 -561 248 869 -660 -221 -91 -87 914 -306 -904 486 -984 22 -662 914 -38 -339 623 167 684 -444 444 437 -286 -962 879 -537 84 693 166 118 -98 465 96 133 -133 690 493 5 731 354 974 863 -431 558 -635 -342 649 -845 766 -330 -490 653 244 936 533 -914 -179 -831 906 -529 -92 -160 821 -363 190 -905 -487 246 403 961 489 55 -30 626 -456 -752 -449 447 -753 -119 -449 -412 979 251 -996 609 641 -595 -854 -885 691 -251 -645 -131 298 59 -271 210 -829 62 -153 -436 -897 131 -449 -539 816 603 -147 -981 786 169 499 96 -425 641 -749 -783 13 830 850 -547 -6 102 -148 610 -451 -85 -101 -639 -80 -53 360 302 -504 807 214 929 342 342 -257 556 -861 -961 542 -556 -564 462 -194 -274 679 897 865 619 942 -133 -40 489 -446 -400 -70 -571 671 -133 878 42 -553 -118 -905 555 631 -933 248 -751 538 685 217 75 100 -122 -534 -59 -778 185 850 -138
87 163
85 162
58 102
31 166
167 184
106 142
66 166
2 157
35 173
100 152
54 119
100 101
94 123
54 167
140 158
127 179
69 170
24 82
45 169
62 83
40 133
26 93
102 163
37 51
49 160
96 117
1 96
123 156
110 172
64 132
61 82
35 195
158 177
26 87
45 145
138 148
41 130
56 113
51 126
16 90
62 139
111 156
71 191
34 185
135 192
34 122
125 146
55 130
85 139
13 15
45 91
75 110
18 76
6 73
85 115
57 59
55 192
7 17
98 120
35 200
16 55
135 174
90 158
58 124
48 109
110 120
126 137
86 134
121 157
196 197
147 196
58 113
17 152
26 197
162 196
133 185
192 194
62 200
105 182
113 147
9 24
27 100
146 152
64 154
87 187
3 192
94 102
143 191
21 121
13 128
136 167
45 186
21 43
120 141
121 162
107 127
110 126
39 54
103 136
163 194
87 112
66 121
78 156
2 137
166 167
108 150
125 164
12 153
174 196
169 185
26 145
113 141
141 191
74 104
43 62
152 153
108 177
81 106
99 110
48 76
7 190
143 184
89 112
7 37
51 68
43 194
76 156
2 111
72 84
145 193
55 124
55 123
33 86
149 150
4 101
68 71
29 63
65 96
25 38
41 103
105 186
126 197
55 117
7 117
169 181
42 173
96 131
179 191
44 60
88 196
55 75
91 144
77 107
53 135
85 141
10 52
62 140
192 198
52 90
76 195
116 177
153 170
17 39
112 135
32 64
18 189
109 168
60 192
62 127
84 146
52 109
196 198
72 136
69 188
47 124
4 11
3 52
6 145
35 48
139 158
148 187
42 43
155 193
182 199
15 107
81 97
43 136
67 114
103 115
31 62
133 160
25 196
10 78
12 179
37 52
75 126
65 83
146 192
25 116
27 168
136 177
48 111
182 195
75 171
87 179
70 123
87 197
75 197
17 113
87 149
15 196
17 59
56 117
67 116
4 147
19 80
158 168
67 151
59 199
86 122
101 178
11 182
46 196
20 55
16 99
46 107
84 103
3 8
118 160
17 117
53 98
78 101
155 197
21 95
29 92
49 175
40 129
31 67
17 110
14 40
96 154
129 156
53 125
136 161
19 20
117 142
74 134
146 165
73 183
5 186
33 98
85 150
12 149
38 99
6 131
106 109
14 47
95 133
189 197
120 200
79 91
137 181
125 162
12 119
87 93
47 163
29 111
69 149
64 114
142 195
54 143
19 134
106 139
90 192
50 117
47 157
66 89
45 141
12 127
159 197
9 11
138 139
77 154
149 200
171 188
8 193
97 150
132 185
143 186
148 150
7 14
80 89
58 198
13 189
157 179
6 79
23 118
45 129
108 170
41 145
19 191
21 47
67 169
73 147
40 118
122 188
57 126
84 194
20 76
87 170
118 168
20 187
18 185
108 136
81 111
53 104
128 184
127 130
85 185
30 49
59 135
65 160
68 156
22 123
124 138
39 62
49 124
143 189
39 165
150 155
130 134
7 80
31 108
17 42
15 18
85 100
97 112
8 148
20 172
78 185
87 107
122 180
67 185
18 27
142 152
131 175
7 156
149 161
12 140
23 107
156 172
77 163
48 192
40 82
80 187
39 161
85 181
101 108
21 185
92 133
22 107
68 98
16 152
31 135
58 175
97 191
16 122
71 78
171 195
18 150
43 68
40 108
110 128
45 64
79 155
155 177
83 179
21 104
75 148
35 133
14 77
27 137
45 162
93 97
63 74
127 170
109 114
184 196
22 52
10 158
11 117
63 152
16 73
22 113
57 152
167 183
102 185
36 173
123 140
42 157
74 174
84 102
88 124
26 186
108 185
55 67
10 56
5 180
110 199
126 183
57 195
15 43
72 188
32 76
97 116
7 157
35 95
105 133
96 150
75 142
26 173
1 84
69 192
4 51
86 184
72 184
10 118
67 84
138 160
1 58
39 81
89 150
76 137
14 54
77 145
58 79
19 46
20 118
22 74
99 179
122 176
3 140
19 59
32 140
12 40
72 94
36 65
19 45
101 199
163 169
82 183
18 172
24 188
51 121
22 195
7 176
93 186
73 177
154 164
111 152
171 199
48 64
85 121
31 137
110 145
132 177
16 148
18 142
17 20
71 154
30 189
105 176
90 123
16 43
29 109
87 165
28 83
15 102
61 141
73 155
95 162
19 82
70 83
8 49
139 160
134 176
1 13
45 48
48 85
64 164
30 174
110 169
57 120
60 105
20 127
118 188
23 147
129 192
89 173
89 144
93 95
26 71
24 154
51 151
19 153
59 131
72 92
6 117
107 169
3 50
15 148
69 154
137 167
74 122
28 112
179 189
13 65
125 196
52 183
4 142
80 94
174 178
164 198
39 180
143 192
44 187
164 182
178 197
13 105
18 164
164 188
31 173
16 182
163 168
35 73
144 157
159 194
105 161
140 182
116 181
15 191
48 84
61 113
96 196
139 169
22 72
92 102
115 176
52 104
18 109
10 169
17 115
34 186
33 56
134 154
147 181
3 33
20 188
85 180
127 167
38 155
81 165
65 133
70 193
6 194
50 138
160 188
117 126
5 64
8 50
41 123
6 26
83 89
15 88
145 181
143 159
106 126
30 143
76 119
10 72
85 171
14 92
129 159
174 193
17 174
150 189
136 164
42 123
74 81
177 184
54 139
45 151
75 135
16 189
82 149
100 162
108 163
8 17
13 150
113 188
147 183
118 146
79 184
109 162
105 125
101 127
52 61
121 165
160 178
57 144
7 89
26 194
74 172
16 67
129 153
44 104
127 153
14 103
52 130
9 81
101 143
100 186
15 159
104 179
43 101
80 143
21 139
3 110
37 163
77 146
6 39
90 138
5 13
80 155
115 137
34 135
104 148
123 134
71 100
159 188
128 171
38 106
32 153
76 155
111 126
49 70
40 69
34 153
5 162
51 171
4 78
61 144
73 99
71 145
42 55
40 145
22 24
18 65
47 86
161 189
3 147
163 164
44 45
4 145
83 185
43 93
39 101
144 145
44 134
148 174
42 50
162 169
21 51
22 105
62 163
11 125
3 58
132 159
59 75
76 111
60 129
75 96
86 133
93 154
39 109
34 40
36 47
70 128
24 149
19 31
30 184
27 199
65 143
8 117
46 64
20 130
8 150
2 125
51 118
121 178
102 152
75 107
44 136
146 183
104 162
9 40
48 98
107 197
33 173
73 86
9 185
49 200
33 126
17 180
35 109
35 140
121 141
86 136
76 179
97 196
27 135
5 118
11 179
106 161
166 199
49 138
100 102
63 122
37 45
96 152
24 95
23 120
31 190
35 50
110 161
43 90
10 198
145 182
46 151
153 189
70 189
132 136
41 98
164 177
70 168
21 89
117 166
35 63
147 178
25 49
49 144
33 169
143 146
60 116
78 200
124 165
48 78
146 170
32 106
87 157
1 38
136 157
64 94
3 185
10 88
14 59
72 185
63 148
95 146
13 115
49 136
37 177
112 117
10 44
146 171
82 110
39 103
131 143
124 167
56 157
104 143
125 169
48 115
62 135
1 185
77 111
95 188
50 100
17 52
128 158
15 184
158 182
188 199
117 160
113 171
85 159
68 153
29 149
52 93
44 185
99 186
86 160
59 152
55 90
55 190
5 134
69 111
36 147
38 81
4 162
2 40
115 126
12 24
84 113
98 124
164 190
79 111
10 127
41 80
116 119
72 95
10 34
157 171
76 77
84 142
27 28
13 64
102 190
94 168
14 61
66 76
83 137
78 113
18 138
94 178
46 70
95 157
153 186
2 95
24 57
160 186
49 126
128 173
41 165
177 193
53 79
49 68
58 139
78 167
25 111
12 67
88 143
68 115
154 179
39 99
50 157
43 188
46 117
143 169
87 106
59 188
153 168
71 187
9 52
14 76
186 199
10 175
46 84
127 168
66 102
11 54
72 109
68 149
31 196
17 167
25 33
113 127
96 115
13 85
52 76
158 179
101 168
139 161
30 153
3 67
79 180
105 138
57 159
48 77
105 158
105 157
65 187
23 164
34 63
89 197
24 134
64 80
139 178
19 43
66 138
85 107
59 74
2 119
12 13
46 48
53 115
72 157
8 18
9 98
40 57
93 167
19 37
90 163
12 118
68 190
6 58
91 186
120 177
48 74
66 72
79 120
45 165
19 76
46 114
115 152
35 65
51 197
25 153
9 41
141 184
64 145
51 99
79 178
26 158
166 198
31 146
54 163
117 134
81 151
86 176
45 113
50 191
118 196
29 95
1 153
26 63
58 181
13 23
101 176
29 186
85 136
37 110
6 84
104 130
120 167
38 172
151 185
173 187
66 182
123 167
61 157
2 71
73 128
126 181
119 142
43 146
143 165
54 131
53 92
8 198
45 67
72 125
174 177
83 186
82 126
66 131
94 109
134 136
86 95
114 144
21 48
66 171
60 87
22 158
25 173
26 33
102 135
162 200
18 81
117 171
80 124
47 51
90 119
2 37
91 160
60 128
67 165
60 198
62 168
114 190
186 194
48 186
30 106
63 94
2 141
1 115
137 161
19 149
118 142
102 139
142 190
136 189
141 187
46 128
72 161
105 199
114 152
142 170
38 189
9 197
104 155
17 137
64 199
89 108
68 151
61 199
61 185
122 141
61 83
51 192
83 101
72 163
3 72
123 176
68 90
43 114
23 98
50 58
27 189
22 110
154 181
114 194
56 99
115 190
110 121
10 96
61 187
33 138
43 125
98 123
164 168
146 153
11 162
35 131
82 142
49 51
47 139
62 96
2 48
89 184
16 64
58 60
149 192
47 171
41 97
30 46
9 47
64 128
24 47
100 125
146 154
9 114
89 119
64 197
64 69
110 125
26 117
124 147
70 94
68 112
73 185
181 187
5 168
39 40
17 29
61 188
15 94
21 132
95 111
15 145
148 156
4 10
129 195
17 77
28 96
48 147
84 136
145 158
83 136
17 199
107 110
190 192
138 161
89 116
80 122
2 143
60 150
89 143
2 161
62 109
9 158
136 142
140 163
53 162
13 93
17 48
3 120
1 152
85 187
53 164
55 86
32 181
9 182
25 61
42 67
106 162
11 186
117 119
24 160
172 179
26 47
91 158
8 135
15 171
111 116
20 49
91 98
152 186
39 102
123 149
2 154
152 175
12 115
77 148
173 188
144 187
56 129
81 122
88 89
77 102
45 98
64 179
114 136
68 89
108 152
107 136
13 57
163 192
129 142
2 16
1 36
18 24
36 164
91 131
34 72
1 25
160 174
85 92
172 198
60 77
29 65
49 91
72 93
2 18
77 171
39 98
22 114
98 148
130 176
45 177
94 147
81 96
99 200
78 103
29 93
36 197
157 170
156 195
11 84
76 138
74 186
144 198
23 72
91 96
50 67
36 108
26 147
28 97
93 112
7 131
87 168
12 138
53 138
4 192
127 132
63 80
25 152
65 100
12 59
119 123
6 90
139 167
92 165
49 184
92 146
61 182
7 164
77 113
20 177
18 36
19 139
135 160
10 141
11 170
34 68
17 155
33 63
116 170
1 92
36 142
4 21
84 132
109 137
32 83
85 133
45 65
136 183
109 131
47 94
145 152
16 171
100 195
60 178
25 198
51 88
18 169
77 140
25 89
22 152
2 169
5 86
56 81
6 19
101 197
149 154
25 125
48 66
14 126
66 118
66 173
8 29
84 106
174 176
53 174
96 138
14 42
152 164
9 93
42 134
22 156
26 59
102 169
168 174
93 182
1 69
87 143
84 90
17 45
1 144
173 186
16 123
20 105
3 170
1 77
53 97
78 191
83 121
91 140
53 183
24 187
43 67
106 146
45 190
63 147
66 69
19 173
115 128
91 187
58 95
3 10
58 144
48 89
113 134
106 198
13 190
127 185
118 159
90 156
74 185
5 89
4 29
25 85
47 133
61 132
60 99
33 134
122 192
48 188
103 166
25 55
13 125
34 193
73 119
73 107
45 79
44 149
21 137
8 186
109 173
69 169
130 159
46 132
11 94
126 188
179 182
46 129
120 163
72 164
58 148
76 145
97 183
92 134
153 195
46 57
139 152
78 195
30 91
52 134
90 127
87 90
65 167
3 178
70 104
43 111
21 42
54 101
144 153
1 87
65 188
15 170
178 188
7 126
35 39
87 119
51 190
6 47
80 152
119 179
70 116
146 180
82 163
45 75
97 149
114 125
39 90
90 186
23 177
38 90
162 188
74 98
54 76
141 196
17 145
32 146
164 172
117 170
73 170
51 60
51 58
112 175
31 168
46 88
77 112
82 170
36 117
10 112
10 163
144 181
4 112
10 130
72 133
46 100
73 94
12 60
135 136
45 178
52 127
24 123
6 137
30 178
78 174
67 112
121 192
90 111
62 105
48 165
9 66
71 146
121 174
48 71
111 142
61 99
102 179
101 105
73 83
52 114
11 58
8 81
63 81
50 169
17 109
13 198
161 168
6 36
125 148
45 66
146 195
82 146
12 177
55 81
23 96
69 163
8 139
105 112
9 172
133 196
18 127
32 104
13 27
78 80
124 158
81 196
22 168
154 166
91 159
43 44
76 118
59 198
4 124
139 192
15 75
62 71
10 161
25 44
68 114
190 196
58 196
35 58
42 85
93 188
7 69
102 199
134 170
100 133
94 110
116 176
96 188
15 97
17 112
95 172
39 188
84 85
33 141
54 64
100 198
40 191
48 56
9 166
20 139
110 130
16 181
43 58
21 187
67 85
138 193
61 154
123 151
14 189
101 194
25 133
157 167
59 89
112 149
135 142
6 188
148 192
3 85
19 179
41 92
15 85
120 126
76 113
9 64
22 119
64 168
11 141
145 150
166 189
131 147
164 187
135 177
11 27
127 183
160 166
70 163
55 88
76 86
81 101
3 36
25 77
4 126
155 200
50 136
8 66
83 184
15 39
78 150
119 174
112 180
70 125
59 190
82 174
103 172
19 101
84 122
2 52
26 185
4 183
138 149
152 196
22 147
47 82
91 200
39 57
22 135
19 131
66 175
124 150
90 107
100 168
56 70
12 68
72 83
38 77
48 60
53 134
47 52
5 199
124 184
72 104
23 94
46 143
129 168
72 170
31 181
100 124
29 187
24 53
102 146
39 186
26 190
62 184
122 162
69 91
27 53
41 200
163 195
119 190
123 155
17 21
39 80
109 133
104 181
37 141
99 133
47 53
124 175
34 181
109 197
35 82
161 195
37 128
99 197
42 54
17 162
167 195
63 150
130 197
136 151
52 125
33 121
145 162
67 197
65 75
129 163
163 198
67 79
59 80
58 105
67 121
51 55
46 91
1 98
68 198
28 36
113 164
26 153
24 73
43 48
138 189
28 56
34 87
28 33
58 189
31 41
160 194
24 163
108 128
40 190
77 186
69 181
5 153
60 152
70 155
26 114
78 197
142 200
58 170
117 148
21 99
153 156
87 153
40 124
65 129
15 120
142 171
23 191
29 47
34 144
55 185
85 131
1 123
27 186
113 177
103 104
170 174
67 199
33 80
81 172
16 95
4 134
50 73
88 146
155 199
42 136
28 179
8 158
98 192
45 104
103 188
26 181
83 192
139 188
21 40
17 126
100 173
46 113
52 142
36 104
86 141
23 31
92 162
49 172
79 176
43 160
20 112
69 190
18 55
21 165
93 125
129 170
103 132
46 74
23 77
40 61
53 158
96 193
59 115
20 107
74 114
10 48
41 179
17 36
80 90
23 58
17 56
168 171
28 175
117 154
124 197
97 124
4 97
131 154
55 140
51 85
47 112
38 113
65 128
14 141
46 166
2 87
2 60
45 46
134 148
39 47
50 122
37 112
113 189
16 175
19 197
71 142
45 137
60 156
124 152
62 145
51 166
24 106
9 161
15 154
126 172
94 185
152 174
50 149
78 142
37 154
21 144
43 129
166 172
75 163
145 154
34 172
88 132
51 161
76 91
173 179
19 81
15 121
38 84
93 129
39 175
74 88
93 94
169 198
160 191
90 121
33 132
45 80
38 146
105 156
30 135
154 161
25 142
12 101
27 185
42 200
46 123
36 162
64 152
53 119
84 179
34 199
90 167
130 168
57 178
19 48
78 165
18 124
73 182
5 18
32 154
81 102
134 189
57 83
64 155
124 162
135 163
12 73
48 50
7 59
29 134
34 131
71 195
26 54
88 179
77 135
12 143
84 165
42 128
60 200
36 52
55 64
40 49
54 182
25 107
30 165
72 137
131 169
15 155
21 32
23 154
122 165
1 53
15 113
27 166
97 132
20 25
134 174
61 138
36 125
63 68
7 70
98 114
81 162
48 161
127 142
44 111
80 180
39 130
162 191
27 44
4 96
87 122
100 137
15 192
8 76
87 146
20 119
115 195
27 122
42 199
31 37
44 129
105 126
1 68
15 153
97 122
146 163
7 161
44 125
172 197
76 170
44 66
85 198
128 139
127 148
107 140
28 69
96 158
25 48
164 195
30 145
50 155
1 194
63 86
44 56
142 192
149 164
147 187
117 133
153 187
13 32
171 182
42 106
38 198
16 79
74 175
51 164
113 116
53 74
136 176
67 182
146 181
87 150
81 157
35 181
135 170
13 86
77 150
116 138
1 158
124 177
42 142
6 89
158 159
9 176
17 65
127 198
117 155
112 178
5 46
178 180
56 84
11 195
23 79
16 33
47 101
86 186
2 77
135 184
65 191
99 170
21 148
140 196
24 171
20 60
42 74
127 184
117 172
105 119
145 166
80 186
124 148
126 173
47 199
105 173
138 199
59 127
77 116
58 97
13 126
156 184
83 196
147 192
40 134
126 150
34 109
52 173
74 147
3 188
106 122
31 63
59 85
34 130
75 109
7 28
158 178
9 75
109 119
95 170
30 50
54 120
155 178
32 77
59 116
57 78
96 125
77 141
167 178
49 59
112 143
23 168
69 101
65 90
73 148
79 179
72 122
62 155
48 145
135 178
96 162
98 167
27 51
77 179
72 154
37 140
60 134
119 165
35 147
39 88
25 157
73 116
63 192
95 191
23 27
87 135
34 187
85 102
33 187
94 124
117 124
81 148
97 186
106 131
111 194
22 79
71 91
33 139
76 128
135 199
39 121
133 199
23 42
139 144
43 181
3 167
152 190
120 125
155 184
5 146
76 83
157 193
124 126
49 109
80 144
120 130
7 22
38 108
11 133
104 160
5 156
24 78
62 157
26 37
137 190
56 197
144 170
62 175
87 126
95 139
104 132
83 127
97 159
104 156
37 148
31 33
128 167
122 125
36 127
30 83
19 124
85 166
28 137
133 150
9 28
19 112
29 54
18 146
124 178
112 129
16 85
53 62
166 185
39 61
165 179
95 129
11 64
13 177
129 196
7 165
37 39
57 136
26 61
86 148
23 60
14 132
81 175
167 179
110 197
5 42
122 193
74 135
32 184
7 54
144 161
65 147
107 125
60 181
7 195
153 175
52 152
55 188
57 107
105 180
31 161
8 53
31 199
8 72
15 119
14 57
46 176
69 139
45 57
121 197
45 188
60 180
7 39
74 195
59 86
41 87
144 200
134 137
146 187
17 55
184 192
3 7
57 196
46 169
91 146
94 163
4 74
32 172
9 60
36 81
11 42
100 132
73 190
81 146
45 102
44 176
6 154
23 87
39 123
52 92
159 176
32 55
90 120
10 134
116 145
19 187
83 117
108 200
89 149
51 131
5 97
73 131
11 32
72 103
77 108
26 169
57 148
107 120
18 149
37 72
122 178
83 164
38 174
34 174
62 171
17 101
62 99
17 193
43 127
61 112
130 143
105 153
10 179
114 171
80 110
170 200
53 168
132 145
76 124
45 96
9 71
22 181
147 155
40 176
20 121
71 116
13 112
73 169
20 160
62 119
58 182
40 156
28 164
44 170
94 195
96 190
42 146
42 155
49 183
187 198
169 175
123 161
14 198
73 176
24 161
102 175
65 192
56 152
13 22
191 199
124 144
98 126
17 69
52 180
8 92
71 92
170 194
136 198
17 64
70 138
1 99
123 188
79 129
38 82
51 78
152 191
16 27
67 133
131 170
23 117
26 81
111 122
92 129
154 167
101 113
9 90
23 44
55 72
72 128
13 178
15 169
66 84
37 68
139 185
86 98
80 134
139 150
88 160
42 81
1 183
46 167
9 144
93 152
88 174
117 136
58 167
45 142
14 182
97 137
17 122
35 129
119 194
49 169
34 107
149 156
176 183
119 177
15 193
128 194
37 107
39 145
45 158
30 77
4 115
25 120
27 81
60 84
123 133
70 166
77 200
99 187
10 154
106 158
20 110
144 164
7 185
1 101
32 63
109 161
93 96
16 159
22 33
66 93
116 196
165 166
143 151
71 156
47 178
27 150
165 186
175 176
51 137
68 188
93 135
83 104
28 85
182 198
52 69
99 111
74 123
52 66
9 130
103 126
31 167
70 192
106 172
94 104
1 156
52 82
19 114
40 167
101 136
26 67
59 66
28 34
46 121
6 14
41 149
73 154
29 43
10 106
57 147
124 131
6 128
22 103
46 183
48 83
3 198
176 196
121 126
95 131
66 196
35 105
102 136
63 128
61 131
13 82
178 192
41 198
120 129
36 166
87 194
141 146
23 135
27 58
133 136
45 149
89 174
40 198
86 120
59 165
52 166
19 145
4 176
108 182
44 64
20 171
29 89
39 143
22 192
26 69
145 179
79 153
187 191
11 121
61 181
143 162
3 117
35 160
173 185
145 196
27 112
49 161
169 186
45 109
23 132
48 127
98 196
195 198
60 170
85 105
14 199
55 112
144 151
72 147
62 108
4 102
101 177
57 134
31 175
34 54
20 38
50 148
55 169
145 178
177 189
84 93
12 193
44 118
144 189
16 101
68 102
62 179
69 93
35 148
40 140
140 189
90 97
120 122
70 149
2 145
101 122
1 17
149 177
173 198
11 97
42 172
60 143
58 143
80 188
67 102
82 176
49 80
121 151
68 101
52 197
21 184
23 34
114 167
125 172
54 114
88 112
91 103
82 90
66 167
40 164
85 199
68 133
166 186
29 84
1 155
12 70
129 133
35 45
125 143
148 191
36 42
91 162
106 107
73 139
73 93
80 102
56 114
4 165
93 143
119 146
73 199
11 124
18 57
6 151
63 180
119 128
41 111
28 198
112 140
55 144
107 141
78 170
74 163
63 78
56 112
9 51
24 84
13 162
198 200
36 70
109 199
95 132
86 108
70 177
3 27
15 42
183 189
14 93
84 97
4 187
3 194
75 98
79 118
130 194
44 197
23 85
80 100
36 158
28 101
46 108
61 69
73 88
53 171
119 140
172 199
49 140
41 113
72 199
146 194
7 23
61 179
148 200
6 82
79 126
35 144
123 191
71 87
16 197
38 105
13 28
40 184
38 79
25 189
5 53
95 96
70 73
43 77
22 151
28 46
39 170
39 56
48 182
66 75
105 115
22 126
108 186
120 166
122 194
35 197
17 57
31 114
59 68
159 183
47 153
108 168
56 175
135 148
2 62
102 137
64 82
152 179
13 89
106 133
117 161
25 177
149 163
40 130
127 175
9 124
13 143
121 187
46 134
185 191
42 131
12 129
70 156
75 91
133 166
5 99
48 171
15 56
65 171
90 165
30 140
70 91
25 35
14 114
14 39
179 187
65 158
76 131
45 198
13 31
150 151
40 162
107 170
80 185
14 82
142 177
37 170
135 157
12 126
82 101
60 73
53 124
9 23
85 138
14 166
35 112
116 151
68 150
149 186
23 68
22 167
140 183
82 137
131 196
121 181
24 165
155 170
4 144
120 153
70 147
84 149
2 4
112 139
110 162
25 27
104 127
101 151
57 97
16 137
36 183
83 197
52 70
79 192
20 135
16 198
164 186
52 199
67 153
34 132
122 151
19 154
111 155
111 143
57 71
72 171
17 106
39 138
97 139
119 175
8 180
77 127
49 173
37 104
64 194
1 191
32 59
63 75
23 105
75 124
4 16
34 118
155 179
50 145
77 174
32 54
68 69
22 162
80 86
21 133
109 200
58 99
104 192
130 165
83 176
79 182
68 72
82 195
24 153
7 48
71 137
78 92
6 180
67 83
88 173
50 116
39 72
117 168
82 88
117 137
125 200
51 169
3 78
78 155
129 162
112 125
6 118
118 184
120 170
56 155
25 166
67 178
28 66
7 57
22 104
16 111
30 167
20 22
113 199
142 165
42 92
152 193
140 185
68 93
46 145
15 128
25 179
146 200
62 156
13 156
92 184
47 74
9 165
43 116
179 198
65 102
10 185
59 129
50 106
86 91
129 132
71 174
39 158
131 151
87 118
102 114
68 160
69 144
69 145
129 197
134 157
25 74
64 124
90 100
14 67
66 181
19 148
58 192
144 183
70 190
21 138
103 148
15 172
53 169
115 139
77 190
49 154
78 97
95 193
101 104
45 192
160 161
18 26
147 194
114 191
35 130
147 184
10 137
40 85
86 193
27 40
132 166
35 196
44 133
77 117
135 193
62 136
12 155
45 97
25 118
12 81
71 133
118 130
1 75
149 195
47 55
6 9
34 189
113 142
12 189
27 90
47 48
8 134
62 117
100 166
69 83
122 187
35 117
15 150
64 92
76 117
117 151
23 36
76 132
124 191
23 172
117 141
33 99
79 103
60 139
69 148
53 122
27 145
47 135
72 100
37 79
93 105
72 177
63 162
68 152
55 167
148 170
14 23
98 125
20 37
121 149
87 169
22 131
93 132
48 200
38 177
162 183
71 149
16 24
101 160
98 155
27 119
23 26
83 130
148 167
117 197
141 171
156 182
13 33
44 72
49 168
149 167
158 183
6 187
54 157
59 196
35 116
102 122
82 160
91 126
13 144
23 188
125 132
54 58
47 85
122 166
8 119
6 190
107 196
30 180
190 198
134 193
71 159
92 155
3 83
19 105
166 179
74 164
133 141
16 115
57 116
51 173
44 154
154 196
23 145
18 44
35 190
25 78
186 192
87 104
42 103
45 59
9 67
21 41
23 112
18 37
18 33
36 194
2 163
138 150
85 87
38 128
21 74
23 131
63 165
12 54
24 140
9 25
47 192
107 108
50 60
20 129
29 189
76 192
2 67
99 166
99 136
155 165
72 86
51 162
70 133
59 62
60 123
123 158
28 61
17 62
78 90
100 180
9 34
46 181
27 91
41 194
34 48
46 69
132 151
158 172
135 186
32 150
3 86
1 35
86 165
33 135
39 171
65 162
2 159
60 63
26 123
63 134
100 194
15 189
1 146
36 123
89 141
33 70
56 58
169 176
40 74
100 158
86 124
34 110
24 166
50 146
66 142
27 41
60 108
145 187
40 200
4 23
67 146
130 160
20 159
36 181
147 148
9 157
61 180
133 182
77 192
55 82
92 183
23 151
10 75
13 79
109 181
123 132
63 138
29 148
54 162
110 140
61 64
41 151
141 200
141 177
148 182
14 21
73 75
11 101
67 69
130 178
26 184
100 143
92 137
30 97
57 64
36 84
33 47
86 117
30 96
109 170
20 97
184 194
104 177
80 189
136 178
10 136
62 76
32 69
18 66
127 138
13 160
58 155
151 165
19 122
115 194
134 138
30 102
25 56
15 115
131 157
85 184
32 179
20 73
115 129
6 12
97 173
77 84
126 146
110 182
138 196
18 73
4 31
68 127
63 143
25 100
16 157
26 106
58 160
33 159
110 127
3 158
29 151
45 199
86 187
23 30
108 113
116 121
2 177
8 130
60 91
25 170
41 180
9 112
59 94
41 86
60 96
88 154
14 192
44 179
13 138
110 192
44 191
44 67
107 123
122 196
55 149
128 153
33 54
33 123
48 63
151 167
72 178
135 146
81 120
8 153
19 115
141 168
47 145
37 99
31 122
24 29
71 126
106 194
33 58
165 194
38 74
68 105
23 55
103 187
174 191
75 191
46 172
29 62
10 200
82 135
9 153
26 195
48 178
2 6
35 62
158 180
4 116
6 162
127 162
33 71
111 175
9 178
14 138
76 107
16 139
78 166
38 173
111 153
46 49
23 49
62 66
12 51
180 192
33 176
6 112
144 184
112 169
137 153
35 194
79 123
48 103
129 134
127 147
88 126
4 106
149 169
137 193
134 172
154 162
30 42
132 152
77 165
76 162
14 130
20 117
63 190
13 137
67 152
46 86
156 160
70 108
26 129
125 155
1 19
39 58
114 148
99 194
12 76
79 93
33 143
70 112
140 188
20 71
80 139
60 88
185 195
93 162
92 164
73 142
39 166
114 170
108 130
27 75
76 177
10 36
80 169
50 80
56 141
20 83
111 200
8 103
65 70
24 117
66 130
6 111
63 117
1 142
95 195
55 148
28 167
37 49
39 105
15 199
9 136
122 155
29 198
67 166
14 29
34 38
86 185
164 194
4 191
66 133
68 79
149 198
20 80
18 96
66 128
133 193
78 146
8 97
57 145
111 121
11 158
180 181
44 110
101 158
17 78
123 196
125 139
46 158
3 119
101 172
3 34
93 107
102 119
168 195
157 182
82 198
55 122
31 112
58 136
80 142
3 129
69 171
57 90
38 190
115 161
124 130
2 21
183 192
15 143
101 183
39 189
9 196
68 81
122 170
101 180
30 53
149 182
126 142
25 154
32 165
83 140
113 124
30 90
60 146
137 197
128 170
27 116
161 182
54 67
18 90
63 139
58 110
102 121
163 170
77 185
138 194
132 142
41 158
25 93
26 119
103 177
111 115
14 96
180 182
15 57
59 180
138 184
175 199
123 177
50 150
4 108
153 165
135 151
64 151
83 175
103 122
17 178
110 168
12 69
103 158
41 91
11 167
3 20
68 199
96 136
66 125
66 157
34 177
29 112
106 135
35 155
53 140
106 165
191 194
57 108
88 155
36 99
62 198
22 44
180 198
50 177
101 166
30 33
35 94
78 118
107 113
83 143
93 139
112 152
108 184
111 196
8 197
96 103
49 131
76 100
123 148
51 159
18 160
19 86
96 127
37 120
180 185
142 153
160 172
108 111
151 198
130 147
30 158
1 112
81 153
7 150
96 147
41 186
165 175
100 110
83 189
63 146
136 197
120 162
42 57
173 192
25 39
131 178
47 81
34 150
62 82
8 71
43 108
115 193
8 31
62 148
99 199
16 39
4 14
10 148
66 100
133 161
55 100
99 167
169 179
54 83
125 158
5 154
7 137
31 64
50 165
112 191
53 153
123 159
16 164
53 128
129 145
72 129
15 183
135 187
72 175
68 139
105 116
26 143
5 65
64 129
4 22
94 177
24 59
156 164
16 96
7 159
75 190
49 75
114 164
82 124
10 39
37 178
85 142
99 113
119 121
73 134
182 190
93 138
51 152
54 116
61 196
138 146
67 179
1 28
52 99
83 87
7 136
71 197
149 187
33 199
22 124
155 187
80 117
17 63
73 145
22 26
143 178
2 42
136 165
5 7
69 146
27 47
163 172
173 191
65 198
24 51
39 168
40 157
14 78
52 131
79 87
128 157
63 172
121 150
121 166
69 138
150 190
44 143
117 140
27 34
21 194
176 178
21 67
27 154
48 139
5 47
83 177
1 49
33 177
8 152
1 51
1 198
72 105
47 130
48 51
15 135
88 137
52 113
139 191
78 88
15 53
124 128
163 185
31 192
25 122
80 112
29 153
35 128
77 132
70 114
53 95
59 109
121 132
21 173
46 163
150 157
32 35
19 23
21 115
64 135
22 128
88 162
26 85
5 107
103 128
142 150
150 153
152 192
103 107
15 142
37 70
115 158
28 153
65 66
21 81
44 156
116 144
172 188
39 110
49 111
125 187
94 176
37 113
21 54
125 135
98 164
95 105
48 173
4 50
8 114
98 104
50 98
2 8
34 136
128 138
53 136
4 121
4 186
136 187
53 108
163 178
93 168
1 34
34 76
73 97
97 187
12 28
92 119
55 161
61 63
35 76
135 159
7 109
13 116
23 141
55 121
107 172
12 97
64 169
4 160
113 196
56 80
101 181
21 23
47 123
37 173
74 76
49 163
100 164
98 187
23 138
83 100
22 189
32 115
94 121
65 101
57 187
16 100
41 189
121 180
37 184
41 167
87 140
66 68
53 113
132 198
130 199
101 174
175 177
75 101
133 159
101 185
114 180
5 9
23 158
38 124
54 104
30 197
40 106
8 141
40 183
147 186
25 60
78 138
137 160
44 78
136 166
29 96
17 103
17 75
120 157
21 55
82 125
77 170
15 194
6 23
129 144
41 90
52 75
51 188
115 141
122 147
151 178
157 180
172 181
98 177
96 191
54 188
41 127
45 56
17 93
149 173
72 159
47 191
6 53
84 162
61 167
42 107
93 193
127 192
186 187
54 174
14 81
113 165
112 174
124 172
102 138
83 148
9 95
9 145
157 177
39 60
112 189
126 194
106 191
45 174
10 151
42 79
80 108
57 63
19 30
82 133
116 172
64 178
42 189
37 155
126 159
30 172
3 163
31 45
85 193
79 136
29 178
34 119
24 43
100 135
69 98
22 70
102 128
23 189
4 111
87 137
167 199
28 68
3 95
86 92
48 180
52 83
25 121
121 186
163 183
24 150
159 181
78 129
46 55
74 156
74 80
4 92
67 70
96 159
29 125
82 162
44 84
115 156
16 51
134 143
140 198
1 16
45 89
73 106
137 189
62 172
45 139
10 23
136 152
64 134
53 166
14 104
39 65
140 178
142 198
32 33
20 137
33 41
56 188
145 148
164 192
80 163
29 155
139 143
87 160
1 182
62 169
14 149
26 27
59 112
20 40
79 131
43 87
21 170
104 165
179 192
156 176
11 33
22 58
185 200
165 183
69 166
70 139
174 197
91 194
113 159
149 181
125 197
5 135
57 96
86 140
63 195
157 183
80 114
72 181
93 171
44 161
3 47
87 154
11 46
10 117
93 145
110 154
9 91
6 10
8 47
96 105
105 128
126 168
23 175
132 162
63 110
27 80
92 109
59 61
75 181
146 162
79 119
111 189
17 37
45 135
40 91
32 74
156 197
78 196
82 106
90 193
34 45
11 161
33 125
107 112
13 149
107 149
96 130
6 199
61 162
163 187
25 68
173 174
67 164
45 167
42 63
96 146
62 101
75 132
70 113
46 75
17 130
11 159
7 64
102 154
75 120
96 140
173 196
99 109
13 164
36 57
38 126
123 143
50 82
52 73
32 46
107 177
9 29
117 150
7 27
18 61
32 42
53 178
122 128
1 23
140 200
79 150
143 164
47 189
42 45
68 73
108 147
51 142
26 28
95 151
7 25
27 200
53 189
68 194
181 189
152 154
21 172
132 149
49 145
44 100
5 142
94 113
138 185
65 67
56 168
16 26
18 121
85 148
57 127
3 79
45 107
79 85
56 100
56 110
11 56
68 195
24 131
77 161
183 184
11 78
82 180
15 61
103 169
61 92
34 66
64 121
68 87
25 29
38 125
21 61
37 199
18 45
31 154
75 122
86 190
17 54
52 168
20 79
22 73
90 182
43 165
40 100
6 178
72 166
13 188
46 142
126 143
92 110
58 104
28 55
131 200
117 159
20 156
65 111
36 163
48 122
2 28
19 71
18 106
12 87
54 126
108 178
40 178
129 139
123 142
104 171
71 88
46 194
151 186
10 43
23 113
62 123
15 90
27 132
36 69
38 100
60 147
10 194
36 71
29 131
44 183
75 138
59 102
61 67
114 160
150 199
175 184
162 175
26 40
13 174
73 173
83 156
8 147
2 184
43 179
45 115
8 80
78 125
2 181
79 130
17 66
117 156
51 74
75 156
145 163
79 177
1 106
127 186
48 118
96 132
116 157
94 119
18 153
41 174
1 127
125 181
22 187
98 189
61 150
48 116
148 198
53 120
187 195
9 110
16 78
119 125
25 193
146 158
41 63
49 52
34 75
65 114
51 163
96 141
174 184
11 74
110 135
100 178
110 166
71 177
83 97
54 160
108 133
54 134
69 159
13 124
126 141
78 84
47 140
33 172
14 63
84 101
59 123
79 161
82 114
61 68
16 146
54 78
39 142
69 157
15 152
52 189
194 197
138 147
20 78
94 155
111 160
28 113
48 154
51 130
193 196
2 108
81 142
37 160
54 195
34 98
19 141
95 177
35 36
83 135
143 153
96 104
60 90
117 194
88 134
129 186
126 198
20 28
161 163
30 171
134 177
29 46
39 53
7 77
47 177
94 108
24 56
153 199
6 161
118 155
138 153
73 149
40 101
69 128
63 113
88 187
3 80
68 144
112 179
70 198
8 16
114 192
2 85
60 113
19 159
79 108
53 156
99 112
22 133
78 158
7 191
31 56
10 93
19 168
92 131
179 196
53 67
159 191
67 183
20 33
100 185
30 181
96 185
70 143
190 199
175 190
58 73
54 136
56 79
69 132
64 200
159 178
104 106
16 104
4 127
75 168
18 177
52 186
83 126
23 37
39 86
188 194
55 139
52 174
72 134
102 173
68 155
54 171
19 67
88 123
89 97
48 198
54 200
10 145
54 95
77 197
59 105
14 102
55 93
116 118
26 57
32 51
7 179
25 83
10 31
12 103
87 156
59 174
94 105
30 101
37 41
12 27
39 97
163 199
130 140
64 150
23 61
33 137
22 97
74 126
79 198
101 161
24 139
36 149
78 132
5 34
134 197
89 171
58 62
63 176
162 163
25 181
94 187
137 170
10 84
171 192
27 56
63 79
14 117
68 97
1 93
28 165
8 34
36 109
117 188
87 134
55 154
43 59
30 73
55 113
24 96
5 128
70 117
126 171
132 199
110 200
70 130
160 187
111 182
156 190
168 178
54 189
53 109
85 89
86 156
103 135
139 159
5 77
120 178
72 144
69 82
79 146
1 116
36 112
54 59
88 91
54 121
69 84
136 155
109 182
51 122
51 156
27 87
101 124
94 141
97 102
56 180
59 84
134 185
169 193
106 108
45 160
118 175
177 197
187 200
4 12
83 169
120 186
162 179
107 114
12 174
36 171
11 152
45 134
24 189
102 157
110 113
151 189
115 133
12 154
49 78
98 193
48 156
47 182
134 141
166 200
7 16
38 139
24 156
51 146
58 190
67 173
75 165
58 89
152 199
27 191
170 171
75 189
19 60
106 150
19 143
153 188
77 166
77 187
133 155
88 189
19 174
17 70
98 100
68 129
79 157
5 96
42 116
23 173
171 177
127 151
123 163
105 123
15 72
69 173
163 190
165 187
31 115
10 190
44 164
74 153
138 188
3 131
39 106
153 184
125 133
46 62
101 137
30 108
79 171
50 64
71 180
16 144
76 139
147 197
45 194
41 96
107 121
14 119
69 95
60 118
134 149
110 150
32 71
113 117
33 189
166 192
81 103
44 59
59 79
11 160
62 161
50 126
118 174
34 39
89 199
33 62
33 74
43 54
39 167
5 6
67 134
80 164
1 157
60 168
91 164
118 182
56 132
70 105
35 46
32 45
44 142
6 170
75 112
39 104
43 164
8 192
49 192
62 91
46 97
39 173
46 199
54 105
12 148
12 98
3 168
84 96
119 122
8 188
122 184
62 186
80 166
95 176
164 174
50 78
72 132
135 138
81 128
79 132
159 174
43 143
138 200
85 152
47 93
57 138
52 184
80 97
37 46
189 192
21 161
132 167
19 170
127 140
20 149
57 110
13 170
148 184
32 175
119 124
103 198
119 171
16 40
146 198
27 167
168 188
9 173
150 177
86 199
7 152
88 130
77 142
92 153
40 99
29 102
8 140
20 147
3 24
40 171
163 188
22 121
52 175
10 173
9 162
3 15
69 134
151 175
22 99
99 148
36 56
35 193
7 121
96 186
22 141
88 105
8 177
7 53
116 150
177 180
39 52
21 129
66 177
56 161
111 136
152 188
96 124
2 65
177 178
24 148
113 114
6 134
3 99
73 136
79 163
26 90
76 168
63 185
131 177
93 177
20 122
79 125
52 187
156 157
118 145
91 188
64 73
15 197
33 38
31 140
8 161
73 161
46 164
130 175
32 67
103 197
14 80
50 79
73 175
85 109
92 160
133 158
31 87
46 104
46 138
133 134
33 85
73 115
22 174
72 88
19 33
72 142
31 151
134 146
45 200
169 194
108 109
4 65
45 171
113 157
119 138
38 157
1 117
75 102
69 100
93 99
4 198
77 88
77 175
13 159
157 161
8 128
147 200
65 148
123 181
150 172
108 195
78 91
107 155
45 88
73 153
89 128
40 122
165 196
16 128
44 82
68 76
5 140
46 112
92 152
184 197
173 176
12 74
75 184
93 158
40 62
72 126
48 119
35 102
144 171
38 131
18 78
7 187
129 173
4 173
38 72
62 181
88 93
5 39
42 124
23 81
98 184
17 34
2 88
135 161
83 85
92 106
19 51
5 187
73 85
48 61
41 79
109 123
104 141
48 96
101 145
14 73
52 106
126 147
50 77
89 126
129 179
54 72
8 69
64 71
14 107
21 44
44 68
14 187
115 197
15 133
126 127
56 173
39 174
145 147
39 79
91 138
4 129
23 125
107 200
36 155
27 66
110 160
28 79
15 137
2 15
92 127
120 188
50 156
96 129
109 117
17 196
52 77
59 70
60 151
37 94
88 121
104 122
138 151
56 147
32 49
16 94
48 57
83 161
80 196
24 193
15 138
93 170
72 152
58 130
42 61
149 160
82 145
31 84
19 161
142 185
76 103
152 184
43 105
136 184
123 200
10 41
50 89
105 195
39 149
2 33
60 190
48 95
17 67
50 105
123 153
16 76
64 149
50 110
6 196
47 96
75 198
76 125
161 193
2 132
54 177
85 99
120 190
5 149
27 158
54 100
59 142
162 173
164 175
42 184
106 140
69 73
81 186
35 156
10 157
16 106
9 85
103 182
100 149
120 185
83 183
71 125
168 179
16 81
69 194
47 198
9 26
8 157
10 81
50 84
13 96
4 170
117 138
80 160
26 154
54 82
161 179
112 142
23 199
76 178
13 16
46 92
76 82
62 80
102 144
54 102
91 172
143 182
128 165
117 162
105 192
48 175
137 191
142 175
57 104
13 81
67 103
87 125
100 130
128 140
2 63
65 89
24 27
19 34
140 147
5 92
3 54
150 183
181 186
139 145
97 167
66 117
49 58
58 172
37 116
52 194
48 167
32 116
23 38
20 184
3 59
26 166
15 93
131 155
89 166
35 68
4 149
70 106
71 165
102 181
100 123
62 90
23 137
21 176
50 184
135 183
30 104
130 132
46 184
80 167
54 173
121 160
2 129
36 122
158 176
92 126
32 56
43 178
13 21
23 43
117 146
151 191
123 185
25 141
170 190
106 184
97 113
92 115
107 174
21 101
121 200
123 178
11 145
36 165
140 175
49 54
22 36
14 70
39 44
12 77
89 154
47 104
88 165
143 166
111 165
51 70
87 151
166 170
55 92
143 175
151 177
65 71
21 84
76 166
89 138
102 132
141 186
66 180
10 138
151 160
69 135
54 61
23 41
23 67
137 174
10 83
83 120
2 150
26 164
17 179
1 33
86 130
61 102
94 157
10 107
65 181
20 174
97 147
47 83
10 122
33 94
70 98
179 188
51 181
86 147
58 187
98 134
23 136
10 37
87 110
62 133
79 109
18 128
56 179
141 158
37 48
47 143
107 191
36 58
119 134
179 184
36 160
39 193
107 145
110 151
23 46
137 147
21 142
78 85
30 188
26 196
22 62
66 199
88 140
122 127
18 181
42 102
3 84
160 200
12 114
59 125
103 150
130 152
58 150
76 79
107 184
19 158
15 66
16 110
70 111
96 197
3 133
90 116
32 144
39 87
114 124
134 173
133 179
42 48
72 131
27 160
91 107
130 145
106 159
192 196
10 129
23 86
30 194
13 161
181 195
15 125
16 34
51 93
140 186
8 104
27 192
15 28
5 95
68 175
33 44
65 95
105 150
41 44
173 199
10 32
90 103
106 190
61 139
4 100
22 29
13 185
63 141
4 118
6 69
12 198
30 149
132 156
139 190
96 99
177 199
51 52
25 143
34 120
133 140
2 38
94 111
1 137
142 146
123 182
88 104
130 181
144 147
61 101
12 187
111 144
185 199
6 150
99 106
101 155
97 131
10 142
86 137
78 136
110 141
34 194
5 38
71 101
23 181
59 111
77 153
50 197
57 151
66 94
58 75
42 75
94 183
123 125
29 199
76 173
2 84
102 155
113 166
156 181
90 184
66 197
59 101
23 140
49 107
10 162
109 157
63 92
28 126
80 101
3 172
56 107
65 119
131 144
11 143
142 156
93 128
140 142
14 185
17 97
76 85
84 178
27 43
97 194
137 187
140 180
94 153
100 119
10 188
59 195
43 102
48 158
109 152
37 162
127 155
66 134
77 193
58 122
91 181
135 196
123 145
162 198
58 88
140 149
32 99
112 165
42 98
150 171
88 95
5 84
31 94
37 136
73 171
20 69
22 51
46 73
16 59
47 65
144 185
99 162
99 164
165 198
19 116
57 61
60 138
40 84
86 129
4 107
75 174
5 163
100 113
71 99
53 77
28 84
27 169
177 187
127 199
50 195
20 175
143 180
43 148
133 153
120 192
88 190
26 49
15 177
23 166
32 199
2 115
118 126
12 64
33 64
11 22
80 99
78 153
6 51
59 185
47 164
102 147
41 75
12 90
33 144
122 140
27 98
93 196
58 194
57 84
15 146
97 160
16 150
32 114
15 59
11 118
17 73
44 127
4 140
27 177
104 170
45 166
91 169
96 102
21 195
1 11
22 87
38 142
86 194
6 160
4 85
145 183
103 165
53 59
101 153
21 59
8 126
123 137
32 183
142 183
96 149
55 73
6 99
118 123
14 154
17 191
134 196
105 149
28 60
49 99
36 140
18 20
40 105
29 78
66 83
55 135
72 75
88 151
28 195
81 87
76 89
47 131
160 169
104 129
89 100
130 169
152 161
8 183
107 132
97 190
15 182
59 103
28 177
49 102
86 152
16 70
60 160
56 135
45 152
147 182
33 96
1 133
109 135
57 161
3 137
75 153
34 169
137 185
70 120
48 170
8 56
39 107
95 99
75 200
129 140
52 146
80 127
1 29
3 101
35 118
175 178
61 152
17 28
13 46
71 189
73 92
75 154
101 139
109 186
18 168
57 60
49 83
189 193
4 27
142 154
98 152
22 116
14 129
137 150
4 123
38 193
34 88
16 134
52 56
80 103
57 139
56 143
157 197
60 182
62 147
185 190
30 54
67 86
128 176
129 136
80 148
26 122
1 40
3 162
119 137
42 95
144 193
82 138
16 44
72 176
85 149
94 156
182 197
116 125
41 148
9 78
64 133
12 44
37 89
27 118
183 198
61 184
24 36
89 165
106 138
55 155
49 176
62 129
62 68
124 166
44 135
20 162
22 108
58 78
6 125
64 157
159 164
93 199
71 144
17 44
107 124
98 181
36 137
41 129
113 152
70 80
111 180
104 145
49 150
18 158
51 53
103 133
66 188
12 35
53 167
135 162
39 124
97 154
82 199
12 18
113 135
47 174
17 177
87 147
92 130
42 133
43 154
43 195
63 72
63 179
80 190
28 110
34 143
33 157
48 49
112 198
33 168
25 137
11 114
81 85
30 61
94 148
39 137
79 90
131 158
16 156
111 130
65 134
22 42
16 91
59 156
19 169
68 148
21 157
49 79
82 197
80 191
116 195
120 144
68 88
75 149
46 156
141 149
24 110
140 161
86 109
36 96
79 114
17 72
132 190
161 194
13 41
21 72
109 112
57 80
5 151
13 114
33 34
85 176
26 29
10 103
40 192
13 102
10 191
114 118
110 194
46 153
11 91
140 193
66 115
95 175
8 137
18 25
116 186
34 183
136 156
4 75
5 164
39 133
55 174
38 53
92 180
4 7
1 6
50 168
28 35
143 157
85 170
65 173
91 195
64 166
148 162
97 177
6 11
152 166
156 183
94 117
138 198
77 130
6 77
111 157
24 162
100 144
41 138
141 163
50 54
8 170
82 130
51 141
79 95
69 185
9 180
111 192
9 194
124 179
105 188
165 184
5 105
2 91
63 164
7 44
95 130
91 133
11 126
5 41
51 185
103 152
189 199
175 198
27 72
69 96
146 182
93 197
30 113
46 182
94 106
82 150
8 154
101 192
84 91
177 181
136 169
40 50
101 162
133 163
20 179
108 194
55 98
89 136
9 99
100 199
71 160
160 165
169 173
42 180
38 122
74 101
43 109
87 141
21 171
3 62
42 138
10 199
41 131
16 154
153 169
9 108
50 147
75 77
34 126
117 163
24 42
41 171
156 179
134 145
65 124
62 74
8 187
117 135
35 182
9 53
138 173
75 199
70 72
71 161
135 188
43 128
46 190
132 193
19 88
108 169
43 80
1 30
128 148
126 193
106 199
40 117
41 116
88 152
141 147
119 160
61 129
6 132
126 169
79 137
54 73
64 196
7 78
27 133
121 189
96 121
148 149
21 114
52 95
19 165
40 197
70 160
54 115
10 25
2 35
133 164
80 176
61 124
27 95
43 91
79 159
1 100
87 161
109 154
49 143
85 94
17 138
64 175
75 133
114 142
37 40
34 195
141 153
36 60
12 165
15 79
16 126
67 123
38 66
90 92
37 98
30 87
68 111
28 144
80 183
119 170
43 199
5 30
49 50
114 186
36 130
117 131
48 143
69 182
3 43
22 76
78 171
113 121
154 190
20 169
8 94
87 185
86 157
181 199
7 171
128 133
119 164
51 144
58 114
34 115
80 116
47 168
53 141
51 105
102 162
54 183
8 46
15 157
98 127
2 54
47 167
190 191
34 61
132 139
142 160
51 194
10 73
103 121
57 179
66 198
69 99
92 187
70 129
44 87
123 141
107 162
169 196
40 135
169 178
65 189
19 54
107 138
12 41
16 23
14 15
66 200
37 195
81 181
18 40
178 179
140 192
62 130
122 133
81 156
121 154
92 96
82 83
140 176
178 191
127 165
99 159
12 182
11 59
15 63
21 191
31 149
131 168
128 142
4 180
57 86
58 71
11 85
16 179
14 44
99 185
41 136
93 179
117 129
20 120
1 5
15 100
41 181
24 198
99 165
15 106
35 42
55 138
7 162
113 123
80 118
57 186
90 197
18 79
54 138
88 125
12 132
154 195
64 195
82 140
40 170
106 145
81 119
36 76
19 44
75 136
27 70
80 91
72 98
20 191
48 73
11 176
131 159
32 189
55 137
84 118
74 121
168 169
69 167
69 197
144 176
78 87
17 51
142 189
95 178
25 168
86 132
92 154
71 93
19 125
28 115
75 128
64 137
38 59
49 132
119 193
166 182
26 46
31 147
20 85
112 196
10 87
51 76
10 13
15 80
36 48
158 195
78 131
80 93
26 52
166 180
35 198
107 128
95 112
57 165
150 165
174 200
84 145
37 200
32 88
75 131
8 102
93 116
117 167
152 158
16 25
64 125
127 161
113 149
74 152
54 123
32 97
144 167
16 138
94 99
19 180
26 183
32 177
14 156
108 145
95 171
44 83
4 56
94 140
22 180
45 182
16 89
38 196
50 200
58 109
68 106
136 149
2 81
116 129
134 200
65 88
110 189
32 78
85 110
17 98
30 111
45 50
5 122
144 169
150 154
83 118
96 139
112 122
124 193
38 150
74 103
97 182
34 142
104 107
111 135
69 200
104 164
75 166
47 88
19 156
36 133
11 111
5 184
97 200
5 52
154 180
33 182
40 111
55 66
38 161
78 106
137 164
67 154
84 140
125 185
133 165
56 94
51 127
7 10
53 110
82 102
94 154
142 166
106 168
120 139
51 104
102 129
30 168
33 124
39 177
11 184
45 143
55 146
26 78
118 147
8 67
95 104
67 168
105 196
2 180
15 82
89 106
95 161
27 59
103 164
40 56
109 140
131 174
125 186
76 141
54 148
135 169
14 38
96 187
57 182
24 67
4 66
88 161
21 88
117 185
52 195
85 104
64 107
2 149
79 154
70 154
26 75
8 116
25 58
4 154
50 59
6 171
23 40
123 172
39 132
155 166
18 166
181 196
34 51
5 54
1 54
50 132
21 149
79 138
44 175
40 93
78 95
36 167
106 178
15 87
37 82
95 137
65 130
81 163
22 154
20 196
53 55
21 118
50 81
53 121
59 175
33 35
44 150
88 188
8 32
41 154
132 153
20 52
38 123
113 155
31 40
1 85
45 100
162 181
149 157
54 84
45 116
52 200
32 151
10 55
133 146
1 175
118 133
52 133
74 191
140 159
3 183
37 132
96 151
101 186
62 150
140 162
28 86
116 155
56 171
90 101
13 197
2 23
17 169
87 171
64 144
47 72
73 187
142 161
18 92
79 169
26 187
31 134
38 43
97 161
22 100
172 192
7 41
5 14
25 187
58 67
151 164
65 126
77 89
32 156
133 171
136 145
42 140
85 135
53 163
17 74
47 121
45 172
92 140
43 110
56 103
17 24
49 77
9 156
2 106
84 133
22 106
58 186
34 138
166 184
101 189
84 120
52 172
30 187
88 98
73 79
11 96
115 177
55 158
59 169
34 129
26 200
117 179
113 118
47 166
79 105
109 146
25 82
60 93
9 89
75 193
3 75
13 59
10 16
102 171
7 125
147 180
20 46
181 185
69 136
142 197
119 184
9 30
56 121
44 141
1 45
48 150
46 193
52 181
63 101
142 179
144 163
143 197
66 158
19 152
67 99
143 156
2 93
52 170
160 199
29 167
100 112
49 74
2 96
123 189
42 62
36 154
126 174
118 141
48 69
36 64
127 193
67 174
37 101
112 160
98 165
28 116
150 181
143 176
70 191
51 124
107 148
84 166
5 183
19 41
42 96
183 195
130 158
37 143
78 81
101 112
185 196
24 177
3 123
21 98
89 103
41 45
4 49
190 194
3 96
29 119
17 95
162 194
83 122
8 60
95 98
46 109
111 197
83 170
80 84
31 109
38 60
83 200
151 187
10 50
116 159
27 179
66 81
50 107
78 180
138 175
35 106
36 175
49 156
10 65
89 158
17 114
14 53
51 140
77 97
159 182
154 184
28 143
65 141
5 166
22 171
139 200
151 159
29 138
35 88
139 195
155 176
137 158
22 155
47 158
12 169
87 131
152 155
26 113
61 95
34 134
7 51
79 116
90 153
119 195
7 104
6 105
44 167
28 188
61 75
30 185
157 199
52 54
124 157
74 106
105 178
91 196
30 51
11 185
78 176
120 121
32 159
55 114
181 184
156 165
18 180
47 185
41 184
47 59
10 53
31 162
46 159
49 125
69 114
96 114
85 178
121 161
118 186
31 195
103 186
40 141
10 192
100 184
55 183
123 194
16 77
131 156
2 100
7 11
22 140
56 128
39 190
109 187
114 182
73 179
37 103
110 196
17 23
61 147
16 161
141 143
57 72
26 82
79 193
124 176
109 129
53 186
67 181
86 118
93 164
33 53
122 150
136 153
38 171
22 170
77 143
92 174
44 137
113 128
153 192
136 144
18 74
81 169
7 188
155 185
46 178
100 154
29 173
9 174
65 186
45 74
167 200
108 191
107 133
119 148
9 105
47 111
101 188
103 109
8 118
115 166
50 72
84 111
76 153
67 157
153 161
121 198
50 118
81 180
37 44
66 119
98 129
118 170
106 166
39 108
90 96
48 136
14 159
61 128
41 170
85 116
20 56
14 46
71 132
173 180
1 192
32 187
147 160
8 20
27 92
4 125
53 73
14 165
84 130
61 90
18 87
29 145
16 117
27 109
29 35
43 47
91 97
9 107
65 118
93 165
16 116
172 193
92 105
50 167
66 88
98 170
149 190
15 144
100 167
67 87
68 96
8 178
40 128
33 122
129 154
71 109
137 138
109 125
122 137
108 161
17 118
68 121
10 182
23 160
104 117
46 78
4 93
137 199
16 120
45 68
75 119
30 161
73 109
15 116
43 151
37 62
59 78
1 15
44 123
59 77
51 106
89 107
74 97
81 112
105 190
31 185
21 57
22 92
39 91
23 75
29 132
114 126
73 77
78 110
77 160
16 114
103 199
42 168
58 91
65 107
30 66
72 85
52 80
153 181
30 175
106 196
171 187
86 139
11 116
41 77
24 197
55 125
20 53
43 177
26 172
19 74
6 121
113 119
24 111
47 200
108 122
11 192
185 188
56 65
44 131
39 45
114 172
99 183
13 19
22 90
75 80
1 43
53 191
90 181
18 120
5 188
85 117
124 186
3 93
11 193
12 45
12 156
65 82
79 158
51 160
9 84
39 141
122 171
111 195
44 107
153 172
162 192
97 165
74 155
46 98
97 199
162 165
98 174
96 135
106 200
44 103
37 175
3 28
138 155
22 132
43 104
126 200
115 183
13 135
31 174
132 133
25 128
43 45
119 157
111 128
161 178
65 138
99 126
80 149
28 57
37 65
16 177
14 161
36 91
81 94
30 89
182 188
84 182
42 99
51 67
99 153
73 141
73 111
45 106
4 38
66 123
25 52
59 99
7 50
103 124
91 176
12 79
8 168
64 74
47 69
148 155
49 148
94 171
26 176
77 138
29 160
185 193
75 82
20 152
62 153
20 47
136 185
133 188
14 181
3 173
149 168
140 144
62 187
41 54
68 109
1 3
25 64
16 196
61 79
72 200
48 190
71 128
135 149
25 70
31 180
71 81
10 121
126 179
44 65
144 160
86 97
117 193
85 111
37 156
7 163
62 193
48 196
138 197
3 73
70 126
102 143
7 175
1 103
66 192
125 127
66 98
119 158
32 50
20 134
97 198
7 21
167 169
64 139
67 136
58 101
30 154
93 153
65 91
4 52
29 77
68 128
91 184
119 130
64 119
70 86
33 77
141 144
53 132
32 102
136 191
128 141
176 188
31 160
38 70
105 124
57 137
140 151
144 146
74 150
49 182
12 96
169 184
175 194
124 171
25 148
103 143
125 159
133 157
120 194
22 149
147 195
14 24
12 152
145 173
43 152
61 175
116 191
84 175
38 68
73 165
44 79
10 176
20 142
35 139
12 30
174 183
75 162
77 136
134 140
37 67
44 61
6 71
113 143
162 199
136 158
136 168
83 159
30 93
99 158
159 196
95 134
116 199
12 139
50 187
72 198
36 145
126 170
46 187
25 163
17 84
128 149
38 107
137 195
169 197
88 164
21 112
7 174
18 80
5 152
101 129
111 148
15 198
50 161
127 178
34 80
10 46
16 30
129 141
118 149
30 121
27 105
103 105
168 192
25 87
105 152
145 186
35 134
124 143
124 185
1 141
81 93
50 61
88 200
164 167
66 159
188 190
93 185
83 150
53 105
122 174
44 132
21 70
101 171
108 159
50 57
156 178
68 132
70 187
62 100
59 193
120 189
10 21
86 96
75 157
53 72
67 113
35 169
93 174
2 14
35 183
5 158
76 175
107 158
172 173
11 99
42 56
38 181
53 199
89 137
22 130
23 195
77 98
66 92
118 131
58 179
147 165
103 127
4 156
49 128
3 5
114 129
17 173
154 160
57 123
12 62
98 185
114 169
170 175
16 172
4 157
152 187
50 151
7 71
82 182
41 150
3 76
13 74
19 178
70 88
11 73
59 73
99 157
51 97
107 131
12 184
29 177
54 103
24 34
93 126
41 196
31 182
21 35
24 190
88 153
69 105
85 155
13 134
67 162
164 178
16 143
129 188
88 122
68 118
157 192
71 115
40 54
90 114
145 185
38 67
74 148
151 190
10 60
51 57
162 187
8 146
36 55
75 123
98 122
11 172
40 169
38 102
25 34
142 148
108 171
30 123
110 116
10 116
13 109
5 10
129 135
44 112
10 114
141 192
11 165
120 145
170 188
17 141
159 195
68 159
57 67
38 45
5 157
98 113
134 135
4 88
3 157
40 123
57 176
46 47
90 109
158 199
91 125
84 160
28 151
92 158
61 153
57 66
27 73
115 184
99 155
25 104
49 57
146 155
14 69
35 189
10 15
111 183
43 167
52 185
53 133
96 143
99 105
5 125
67 124
83 182
4 143
8 143
74 154
82 115
17 157
50 142
30 78
57 114
19 118
126 130
59 182
87 108
93 157
30 151
168 181
27 78
23 122
134 175
5 123
149 171
34 133
13 141
33 154
71 140
28 127
37 145
12 170
133 156
36 143
79 144
53 75
59 184
89 190
85 108
114 155
30 112
39 68
139 198
31 98
86 170
89 168
10 187
128 129
94 115
102 115
4 42
96 171
104 128
52 156
77 109
27 97
27 54
52 88
77 101
115 189
34 89
165 192
58 127
40 142
100 114
10 92
49 185
44 89
53 68
73 181
126 128
82 120
159 179
43 78
157 184
38 156
12 36
34 176
83 178
53 159
111 163
80 198
103 129
114 197
86 188
93 176
62 143
96 144
72 73
109 113
37 192
108 179
88 127
64 66
86 127
22 96
2 178
66 149
45 85
31 58
91 136
1 55
60 92
56 85
105 175
134 198
34 139
133 177
13 67
48 195
110 133
35 152
16 129
75 180
132 171
120 136
120 169
161 192
8 75
59 126
118 165
2 13
99 152
82 139
48 193
24 35
65 190
29 56
132 183
67 196
63 142
72 111
8 9
148 183
9 155
148 178
62 85
70 122
77 176
67 71
41 139
19 38
45 52
142 176
100 187
36 151
114 153
8 166
14 140
104 150
117 165
94 128
37 133
36 113
173 182
140 157
144 180
124 170
23 148
13 78
12 110
133 187
9 122
120 142
63 198
49 196
46 157
11 131
45 70
74 139
23 126
99 178
10 76
161 170
13 110
6 140
137 140
162 186
104 153
113 175
76 187
18 60
91 105
90 164
112 194
12 190
148 177
6 135
153 191
33 174
148 180
88 171
18 200
113 194
8 25
12 42
23 152
12 111
101 184
35 97
140 166
46 130
16 72
29 135
66 108
4 132
57 100
87 102
65 97
27 50
168 193
72 116
1 172
62 78
89 129
42 143
61 164
175 193
101 200
49 108
60 194
43 52
127 136
7 76
113 139
30 103
160 182
55 89
108 197
11 119
150 188
67 187
13 45
46 65
34 158
15 40
57 131
101 144
15 104
132 148
103 157
95 119
76 93
3 69
106 154
47 173
55 128
55 65
31 121
166 196
36 111
16 185
28 128
29 118
6 18
128 200
4 179
66 152
18 117
21 34
26 53
169 172
104 200
39 140
43 155
40 48
46 72
5 169
141 198
49 129
88 119
81 143
63 97
184 193
1 166
14 100
7 133
146 156
111 139
139 157
56 126
30 82
83 119
28 38
32 142
89 125
152 168
115 123
128 188
35 96
41 67
17 46
160 179
46 90
74 115
78 137
110 164
36 134
99 107
122 135
86 179
58 191
85 130
138 186
26 179
17 47
86 121
36 59
163 196
41 185
104 133
98 117
27 114
130 193
11 103
161 198
136 138
32 52
8 110
33 40
107 173
65 73
30 137
33 181
15 78
44 105
95 128
117 127
7 26
114 123
36 63
93 159
73 184
109 110
76 176
26 192
118 154
51 134
80 193
17 22
76 134
45 63
15 17
120 152
51 117
28 91
80 131
16 62
68 120
23 62
60 114
47 165
28 37
159 185
59 141
190 193
19 171
115 179
75 125
74 149
32 129
3 193
38 112
27 151
77 181
56 198
19 39
23 102
133 148
53 131
143 194
61 158
135 198
82 177
18 141
54 175
12 99
119 129
68 171
3 77
21 26
106 119
82 172
36 124
40 53
9 92
41 188
180 197
81 197
56 200
11 180
48 59
174 188
78 98
67 74
37 165
26 41
36 198
37 57
45 61
149 188
4 110
6 166
58 108
148 161
121 148
88 172
38 151
18 77
79 134
6 21
83 166
181 194
60 117
52 169
76 147
72 82
154 185
16 162
83 139
14 153
168 185
180 188
155 174
76 198
50 144
25 94
102 123
117 147
11 100
45 108
99 145
102 148
123 127
192 193
18 159
143 173
53 63
141 155
81 183
36 95
28 166
19 63
98 182
59 91
109 159
113 192
50 158
15 23
43 130
11 25
74 82
123 157
4 37
109 150
61 121
38 54
23 127
1 78
39 136
61 103
29 113
34 82
178 190
20 104
16 41
74 127
29 64
10 115
194 196
157 165
37 150
29 114
140 187
13 50
56 183
134 180
21 111
149 193
15 26
99 156
32 75
126 175
161 183
7 68
72 127
45 69
134 187
4 57
54 55
12 80
33 128
52 162
88 199
30 117
76 129
136 173
13 24
83 132
159 161
77 198
47 109
102 133
6 81
7 20
176 189
44 158
19 104
13 187
55 200
52 117
11 40
176 192
31 131
89 117
7 103
113 154
182 194
27 33
24 129
49 166
125 191
127 137
82 122
4 150
96 192
55 115
171 181
84 183
36 116
58 100
66 79
11 48
17 128
108 193
55 95
3 9
68 145
54 70
19 151
103 110
12 172
68 138
68 116
32 195
41 100
44 178
7 100
155 173
168 175
32 178
25 144
36 200
125 126
12 137
36 38
10 35
134 171
119 141
29 33
135 144
19 138
102 140
128 136
49 114
86 112
19 126
86 154
21 152
130 180
15 118
27 52
77 131
23 196
8 100
21 28
110 158
139 183
99 171
146 161
75 99
18 93
114 154
6 75
41 120
99 188
171 183
106 175
61 170
14 66
122 182
16 60
17 140
156 199
125 167
112 136
57 197
41 162
59 159
160 163
12 49
126 135
21 168
94 132
39 199
101 198
29 34
9 175
73 102
178 182
12 112
182 189
88 108
19 190
43 171
1 114
41 62
34 47
52 141
28 41
97 192
93 133
67 131
87 158
53 130
30 163
40 166
84 171
116 179
111 159
107 146
104 112
42 73
16 18
137 148
129 130
38 138
158 166
10 183
72 91
83 160
40 112
49 193
72 173
93 173
70 127
120 172
123 128
101 190
69 172
155 190
154 170
44 200
69 87
9 187
48 112
65 120
16 132
85 165
64 161
147 156
2 173
87 162
20 140
11 175
146 197
152 185
54 113
7 160
11 28
50 102
76 88
9 168
19 70
91 166
49 53
81 89
132 164
66 168
22 89
46 106
154 193
55 152
156 192
149 179
90 126
74 138
146 190
23 153
14 16
6 172
20 100
50 130
103 141
67 89
6 92
175 195
34 44
27 32
127 187
53 149
68 77
51 114
11 39
37 131
135 189
39 122
139 189
118 156
33 186
11 142
33 162
48 123
43 162
46 126
78 186
99 175
88 193
123 166
46 87
8 174
43 97
112 141
136 188
156 158
112 173
9 148
9 80
144 156
133 174
135 150
103 168
57 125
186 198
71 89
5 141
63 168
71 172
13 25
127 139
112 148
63 98
16 158
96 200
70 150
2 83
128 137
11 26
6 37
8 160
44 108
9 141
116 124
24 175
43 113
188 196
147 157
60 135
92 141
99 176
80 133
15 186
82 179
61 119
49 56
28 48
92 195
127 134
120 128
74 144
23 170
48 108
89 101
16 17
112 134
70 183
79 102
26 44
122 179
24 46
3 6
140 153
9 65
79 145
26 94
19 21
21 62
82 118
56 167
2 72
98 138
150 164
86 168
116 162
45 93
113 122
6 168
36 79
25 117
22 31
36 53
136 148
6 179
53 56
94 196
72 108
115 127
29 121
107 159
48 68
37 144
45 83
70 196
80 168
46 52
13 182
56 172
51 178
118 171
84 121
12 23
125 152
63 175
97 174
75 116
15 195
15 51
62 182
31 53
22 194
4 32
41 175
67 192
139 177
19 144
47 75
42 121
26 171
87 152
86 144
177 196
37 53
26 131
29 37
72 155
47 187
150 179
53 154
82 190
11 90
43 187
116 169
54 117
141 150
38 69
97 148
90 95
100 136
89 146
66 77
19 123
11 174
51 175
26 137
44 54
79 117
53 193
46 81
6 148
67 159
128 145
42 97
67 75
11 83
40 172
41 172
137 143
135 180
81 132
67 105
120 187
79 162
16 50
5 172
109 163
81 136
52 101
42 93
131 133
112 190
16 80
127 141
1 125
143 155
38 114
101 182
24 181
131 153
7 200
88 117
155 175
21 154
60 78
42 80
30 40
63 70
176 181
71 134
3 108
37 105
4 114
61 156
74 131
7 47
4 122
76 109
113 186
72 197
117 149
61 123
78 172
86 115
144 173
92 138
118 197
34 157
175 182
28 59
67 100
28 90
3 113
13 155
81 149
176 194
54 80
53 170
26 98
50 92
98 178
18 39
74 136
12 48
158 163
82 158
69 177
24 44
127 200
53 80
137 154
1 111
70 71
81 133
6 40
136 140
47 194
85 143
121 185
149 199
76 172
9 191
141 197
148 197
109 191
42 171
15 96
142 184
57 65
156 170
130 179
1 138
93 160
17 166
35 85
50 121
121 170
80 115
163 181
111 193
18 98
67 101
71 123
25 72
21 177
103 145
137 151
124 145
19 83
55 165
16 29
20 103
27 187
74 84
68 142
94 146
5 175
8 144
119 183
136 180
48 177
124 194
125 134
12 19
86 149
128 169
30 80
144 159
37 182
54 187
80 151
98 162
89 109
71 127
119 150
21 33
51 157
66 73
171 175
10 167
176 198
112 153
7 32
67 198
3 57
151 173
24 70
95 109
114 130
120 182
83 193
120 168
18 83
131 139
1 46
18 91
81 121
44 115
82 156
152 198
72 87
16 127
13 130
71 113
114 185
61 62
2 185
8 36
33 179
110 184
111 119
57 174
177 191
18 137
35 138
54 56
129 167
48 93
88 135
42 53
149 155
101 126
37 142
19 155
118 151
178 194
38 199
15 76
2 56
70 118
48 94
25 167
138 154
4 18
24 91
99 161
60 64
45 125
90 152
36 195
31 97
68 124
81 178
35 55
14 48
41 133
72 192
93 111
43 126
12 197
8 57
71 143
61 77
139 181
47 71
14 32
19 183
41 66
65 108
65 153
51 98
73 164
96 123
93 184
144 165
5 150
72 96
3 42
84 112
153 171
65 166
43 63
5 121
84 138
62 194
40 95
6 191
21 107
75 106
77 139
62 64
6 156
174 187
35 163
23 108
12 178
142 155
91 178
115 155
48 54
109 120
162 182
60 173
80 130
6 56
174 194
149 151
194 195
58 173
63 200
153 190
21 175
47 175
29 192
112 155
20 170
84 190
30 45
104 134
73 132
122 131
107 154
46 66
35 185
59 93
37 167
29 42
9 83
100 111
2 98
43 119
53 69
78 102
10 166
16 82
57 76
1 124
6 119
79 165
13 14
96 170
34 79
11 34
104 176
67 119
18 42
153 173
90 118
21 30
92 191
130 138
12 32
65 74
50 74
159 193
115 160
105 134
11 132
38 185
149 183
114 149
37 56
17 102
84 154
4 158
7 169
114 127
47 108
20 197
132 200
137 194
19 36
142 180
41 53
129 180
33 120
26 180
147 179
42 51
101 114
56 178
118 129
150 176
51 59
50 174
73 122
60 100
42 150
22 137
9 79
35 164
62 122
148 181
70 131
100 131
5 119
116 132
128 192
89 135
67 172
162 164
10 67
5 43
25 95
131 179
40 104
124 163
66 85
65 103
14 74
60 148
95 160
14 179
36 187
83 102
96 168
130 153
25 50
25 184
91 124
106 169
8 125
3 125
61 88
8 79
81 108
6 67
8 44
72 89
124 181
49 87
59 189
33 97
89 153
26 141
6 155
106 156
46 177
127 172
8 78
42 161
17 91
44 152
8 167
157 158
148 172
170 182
68 168
29 97
62 114
34 43
170 176
75 147
2 171
179 195
63 160
80 173
13 53
136 186
24 183
13 43
111 170
49 142
65 135
64 76
76 80
112 163
156 168
137 155
56 119
62 164
122 154
81 179
73 196
61 149
85 112
14 116
106 116
55 179
35 99
6 96
166 190
52 158
90 133
66 155
109 160
3 97
141 159
4 199
10 70
63 112
54 142
115 146
99 143
18 179
49 65
41 70
116 128
20 99
30 44
76 144
97 104
53 89
15 162
17 99
33 140
30 85
47 64
34 162
47 90
38 160
59 133
76 158
46 127
127 131
47 149
3 187
14 87
34 114
6 193
29 107
44 69
41 132
16 86
51 136
21 124
20 148
103 195
139 172
16 107
8 63
32 143
36 121
132 180
26 149
23 194
135 166
29 115
40 77
60 107
82 161
108 176
88 168
4 30
31 103
135 165
116 133
165 168
176 200
15 112
50 137
144 166
78 121
78 128
2 105
43 107
72 182
69 79
145 176
172 196
29 32
42 114
63 194
93 144
28 67
68 189
63 91
43 182
53 177
93 106
9 18
43 70
40 90
28 47
135 194
90 194
128 180
120 175
30 157
81 83
153 198
7 91
24 101
59 200
121 139
148 193
36 156
36 153
14 45
3 200
25 69
28 104
33 39
107 161
44 155
47 128
108 156
71 95
26 152
5 58
3 19
89 91
35 37
73 112
75 129
119 168
27 42
68 170
2 50
10 68
176 177
12 89
81 177
87 192
18 101
44 81
84 129
98 200
17 197
152 180
8 15
1 136
16 180
111 185
51 139
120 174
71 130
56 72
141 176
14 33
76 92
149 180
81 137
24 182
75 87
90 135
42 120
88 175
29 48
9 102
38 175
65 116
120 123
116 140
52 155
75 113
13 153
95 116
58 156
85 163
24 124
15 52
4 135
60 187
11 92
62 159
73 80
94 179
14 190
134 139
13 34
9 104
130 157
44 47
25 43
132 184
32 141
18 188
79 200
20 101
134 142
5 131
157 159
53 151
99 192
53 150
41 146
5 127
21 117
65 125
118 137
128 146
20 72
105 120
12 142
36 103
54 89
32 121
6 200
58 70
13 168
38 187
82 136
5 174
44 106
36 93
24 199
92 94
5 35
85 123
21 190
106 152
11 55
14 188
115 144
18 62
24 52
70 140
132 188
39 127
40 119
74 193
103 151
143 171
3 144
29 164
21 71
130 173
104 183
51 182
33 117
36 39
4 168
3 26
74 181
49 117
161 172
6 176
71 190
31 73
36 199
22 196
51 186
70 144
37 71
169 171
28 107
92 188
30 116
54 75
26 136
17 60
14 22
68 70
19 100
28 78
123 129
36 129
119 166
79 156
63 99
126 140
151 181
21 128
61 74
87 183
113 150
45 101
85 86
98 103
121 171
103 179
83 111
1 65
132 150
42 86
28 182
114 184
85 196
21 45
7 134
50 152
70 200
23 66
29 90
2 49
71 138
17 192
47 92
134 182
67 104
26 45
56 159
108 187
12 122
105 144
23 48
106 125
45 47
80 197
87 89
40 196
19 132
114 157
60 61
19 62
88 109
29 36
20 87
26 86
22 101
114 193
191 192
28 193
121 123
32 112
34 182
15 158
1 81
56 184
97 115
66 193
59 154
132 195
94 138
114 196
34 113
131 162
26 101
64 122
89 198
8 13
3 49
40 71
135 141
17 175
84 193
70 162
130 195
46 76
90 155
91 157
25 182
103 155
48 155
40 153
9 134
31 128
41 121
67 194
35 145
54 92
119 200
27 31
19 192
34 77
2 152
16 178
104 146
75 137
97 178
66 150
154 182
89 92
173 195
52 160
2 74
94 180
111 169
100 150
3 190
116 164
110 179
12 71
12 17
59 148
7 18
65 98
36 189
23 123
24 130
97 98
43 159
114 116
120 135
117 182
9 21
122 173
5 25
30 127
3 100
108 189
32 65
14 144
137 171
15 111
75 175
131 166
155 198
73 129
115 138
36 82
63 159
57 171
122 149
111 187
30 128
93 178
2 133
132 194
34 154
38 180
83 190
39 192
31 193
154 177
79 149
122 195
70 171
21 105
54 141
122 157
55 101
13 99
11 63
120 143
32 72
51 177
20 178
65 183
22 129
17 132
13 38
68 134
3 109
31 155
18 178
98 106
95 142
62 128
163 182
97 128
54 146
105 167
10 77
69 127
161 176
66 185
20 116
170 177
134 155
80 177
44 57
174 199
48 151
29 179
56 185
56 158
45 110
16 98
146 172
18 151
30 84
142 193
70 102
68 131
15 174
83 113
131 190
57 157
56 66
5 100
18 112
57 75
168 172
87 180
62 77
6 25
21 140
29 66
101 163
41 164
5 102
115 124
92 120
2 192
37 111
24 127
141 167
35 167
7 9
28 160
51 89
153 183
141 188
21 31
88 159
67 94
54 147
79 100
158 200
23 174
173 178
11 102
92 151
176 186
95 123
78 86
26 159
129 176
144 155
45 159
143 199
41 93
82 148
74 100
14 18
154 155
8 171
19 127
42 196
95 141
112 114
24 157
25 175
18 50
102 124
23 149
103 193
17 139
56 139
19 194
55 166
123 197
22 109
53 106
75 83
138 176
73 84
112 126
3 56
16 130
55 76
71 94
34 149
7 110
64 105
15 65
15 190
129 143
19 172
59 60
120 154
66 153
35 54
140 167
6 122
38 165
133 167
128 147
52 63
10 143
50 70
78 133
65 161
47 89
27 49
175 186
157 194
114 161
31 71
92 121
95 163
30 76
117 174
142 172
161 199
63 96
36 169
60 175
50 86
9 152
26 32
50 171
48 129
31 48
20 63
15 38
32 133
56 63
171 186
17 158
14 105
90 183
3 82
78 173
7 86
63 155
24 45
58 129
27 164
20 180
65 127
133 175
160 167
106 136
103 156
21 56
101 159
61 142
86 159
69 107
149 174
34 94
9 189
56 193
17 147
13 146
65 93
67 73
73 87
4 89
57 109
6 30
37 50
109 145
19 189
92 97
39 135
100 161
115 118
97 180
65 163
19 57
26 199
29 83
50 159
58 77
141 193
17 83
118 194
124 153
20 185
76 146
5 87
