96 15
87
5 67
2 96
1 28
15 42
2 18
9 96
15 9
4 96
14 86
7 96
5 96
8 60
8 71
13 92
10 96
12 73
3 44
1 50
2 51
1 96
15 1
12 89
2 96
7 79
1 96
9 18
3 71
5 11
4 96
2 96
8 96
2 96
15 17
4 96
9 91
15 36
15 16
15 13
7 12
15 19
4 50
1 96
1 96
1 96
4 22
15 68
8 74
8 15
15 31
15 2
15 9
8 77
3 88
2 96
15 8
2 96
1 96
10 75
15 40
9 40
15 17
3 57
1 96
12 35
150 194
15 194
185 96
144 96
149 96
138 191
15 195
176 196
126 102
172 146
49 116
143 176
15 157
142 96
15 173
15 200
116 157
73 180
153 163
118 96
78 160
192 195
191 96
