41 24
94
11 20
24 1
24 3
2 35
5 41
4 8
17 41
15 6
16 17
1 41
10 41
14 2
24 15
4 33
24 4
24 17
19 41
3 27
4 41
24 5
24 11
15 34
15 3
19 30
2 41
9 28
13 34
24 6
24 23
21 24
24 12
3 41
14 7
7 12
12 41
24 1
24 15
4 16
24 5
1 41
24 3
11 6
5 23
3 41
24 24
7 21
4 22
17 22
24 7
23 6
9 20
24 1
15 23
7 41
23 12
24 14
13 30
6 41
4 28
12 41
10 19
9 30
4 36
18 23
8 41
20 6
11 10
24 21
7 29
12 26
9 27
24 11
15 27
11 41
131 41
153 80
90 70
138 41
69 51
76 41
24 192
147 77
176 190
167 82
24 125
54 200
189 41
122 41
181 41
200 121
124 41
187 41
182 73
162 41
