117 2442 26
282 -191 652 530 106 616 859 830 -555 -744 897 -234 332 -89 -756 656 426 465 999 339 781 -337 -357 426 -161 -723 805 179 829 -856 150 769 316 -466 -834 147 246 993 445 -575 886 -223 -207 27 -109 -847 -813 -643 28 92 -327 565 795 -853 418 114 750 -451 -801 607 -170 752 39 385 908 162 -995 640 -507 970 742 714 594 941 21 -921 33 -320 978 -871 -784 205 -878 -410 -494 945 671 -670 397 968 37 999 643 295 -312 -824 -394 -182 -636 -757 -529 -439 -712 630 -699 741 289 553 634 814 861 599 691 93 888 -221 -641
63 64
55 61
58 80
11 86
56 84
53 111
67 115
23 42
83 105
61 75
15 69
47 88
40 96
54 59
70 74
14 71
62 109
80 98
91 103
41 44
27 89
74 102
104 117
3 8
67 93
18 55
40 69
24 103
9 99
6 83
22 110
96 100
28 49
47 64
82 106
16 116
7 46
53 63
81 111
4 108
49 87
86 104
32 52
3 107
5 16
38 54
24 96
16 62
67 81
71 86
74 84
5 41
25 106
48 53
39 117
54 56
41 68
14 109
9 108
2 45
41 43
29 117
1 12
2 92
56 96
40 62
1 73
100 101
28 75
46 103
72 82
16 106
103 114
77 86
29 99
80 109
20 27
61 83
71 110
14 17
3 5
6 49
14 52
70 112
61 111
77 88
27 87
58 102
23 100
64 99
48 109
73 116
9 47
61 93
35 96
33 58
63 100
91 105
36 46
80 84
17 64
2 99
42 56
8 45
71 96
13 85
78 85
61 106
1 47
66 111
10 109
103 110
46 66
72 108
70 99
44 62
23 84
35 74
27 61
52 113
29 61
77 82
41 47
116 117
44 52
109 115
73 104
3 11
46 82
28 57
9 77
5 91
6 29
42 62
54 103
18 98
55 97
49 114
80 82
64 88
4 64
1 10
18 86
6 72
5 37
25 78
53 81
8 25
18 41
62 90
16 35
88 93
69 75
106 116
74 75
4 50
77 108
12 51
30 59
3 55
1 14
46 100
56 63
9 33
7 73
77 99
40 107
6 62
39 108
53 93
10 33
53 77
21 112
43 115
55 65
20 110
42 78
76 77
91 97
7 65
65 84
30 54
47 65
101 113
19 57
14 79
15 116
89 94
30 49
26 34
52 76
71 79
108 116
10 117
36 95
66 96
7 78
75 83
27 45
3 100
82 108
37 72
51 55
15 53
62 66
11 98
88 108
36 97
3 49
12 25
3 58
2 17
16 91
22 81
41 46
21 75
14 34
38 47
9 27
23 104
27 112
43 102
57 91
25 65
47 71
44 74
28 106
78 107
3 32
18 106
20 96
80 102
2 81
1 30
49 88
67 110
20 54
23 74
31 109
93 107
88 90
53 58
41 58
42 115
58 70
31 38
28 91
91 99
94 107
54 96
21 88
78 116
10 15
9 83
68 79
4 84
81 109
67 107
14 33
5 114
107 114
26 74
8 97
33 47
86 96
5 54
4 12
32 50
4 90
39 86
43 54
29 107
27 80
46 85
80 85
29 66
39 67
4 57
85 86
1 6
102 112
34 84
13 71
13 30
17 33
67 90
30 60
17 79
23 81
3 78
30 73
8 38
29 48
86 113
4 80
72 100
95 111
69 99
17 32
110 116
64 102
62 114
51 115
5 48
33 54
25 72
35 76
38 60
97 110
32 34
9 84
73 84
10 53
91 104
45 96
33 91
63 77
38 102
19 92
15 67
36 42
5 45
54 115
86 100
24 111
19 83
41 95
13 96
1 110
5 58
32 43
13 75
28 110
79 82
36 82
25 37
26 29
64 75
2 49
21 68
44 100
22 67
3 101
70 109
19 25
28 109
23 76
33 102
16 40
75 77
2 30
44 48
70 82
81 112
79 96
99 112
4 22
24 69
35 43
68 91
53 67
46 62
87 88
2 23
20 101
6 106
31 32
56 68
52 100
12 88
18 80
22 103
10 26
14 31
6 39
45 68
100 106
2 22
22 61
26 93
62 100
95 117
4 9
91 107
47 62
14 84
6 102
1 101
36 64
47 104
13 67
1 3
96 105
6 38
6 92
33 112
41 87
9 88
45 88
3 25
49 99
20 48
73 95
1 40
67 117
23 105
21 66
11 42
92 93
12 26
102 111
60 111
21 74
43 100
27 43
33 94
46 90
34 88
22 107
6 79
16 104
49 56
19 101
45 58
12 14
11 116
64 77
17 22
18 116
17 45
23 26
44 89
26 95
1 79
21 91
26 37
30 105
26 33
32 84
3 103
22 102
68 71
80 86
30 64
84 104
70 86
17 83
66 114
32 112
58 115
47 90
33 42
36 92
71 108
7 111
47 52
57 116
21 29
27 51
9 113
77 111
7 33
4 71
44 49
21 43
26 94
35 97
7 56
46 114
30 68
63 105
10 38
39 46
24 61
27 83
18 29
16 83
90 102
14 112
10 101
4 98
17 78
59 78
62 116
31 78
37 67
74 81
99 114
31 57
50 90
5 62
3 12
32 109
79 115
49 70
39 68
55 100
21 52
49 86
11 15
37 96
3 28
48 76
57 101
63 91
13 61
85 95
37 47
1 82
70 110
58 66
80 89
25 107
19 24
46 106
10 37
78 102
10 64
46 88
21 85
65 108
17 117
32 74
17 87
46 116
99 100
20 97
62 79
58 92
31 96
45 82
19 102
25 61
42 96
76 83
88 115
61 113
110 112
22 41
58 89
23 64
35 58
65 98
31 73
64 71
10 112
11 89
56 101
65 67
51 116
11 65
26 100
32 102
46 64
38 101
31 85
23 91
10 17
24 37
65 76
9 75
34 113
72 76
56 99
33 81
13 74
39 93
70 108
9 58
81 94
97 103
62 67
20 31
32 104
40 117
56 111
7 8
74 106
80 81
39 55
23 65
39 98
5 106
36 52
76 94
66 103
8 106
6 53
25 59
4 92
1 8
17 76
85 103
18 50
98 103
4 46
19 43
18 34
56 88
2 50
58 73
20 85
11 68
13 105
73 99
93 94
88 94
74 83
45 50
35 77
99 115
22 83
60 103
53 54
2 62
79 112
83 89
7 35
13 59
60 63
61 94
92 102
79 105
7 99
23 55
42 92
68 84
15 72
84 94
69 107
10 47
6 12
47 98
12 20
27 58
49 106
21 105
81 107
2 67
28 108
3 106
14 19
61 84
28 41
41 100
37 85
52 99
55 62
2 84
46 65
4 41
49 110
23 48
51 75
41 89
4 114
32 44
77 113
20 106
12 42
13 78
60 72
62 97
18 92
31 88
15 27
14 82
68 104
47 72
4 56
62 92
46 48
19 59
10 99
32 103
27 81
62 85
35 56
87 100
13 93
2 69
39 60
27 115
67 97
14 53
22 27
48 81
44 60
66 74
29 81
93 97
31 91
71 107
51 62
63 102
98 99
47 78
47 59
40 58
39 100
27 50
7 62
7 109
5 97
92 108
108 117
76 87
1 66
62 112
55 66
53 80
12 105
12 18
21 46
76 82
3 34
29 100
5 28
41 48
24 74
89 96
45 103
91 94
12 49
21 26
55 82
7 34
72 93
52 56
50 67
8 68
101 106
51 61
69 79
4 96
26 88
85 116
71 92
96 103
36 113
50 83
60 66
3 64
26 70
41 63
99 103
25 46
80 110
72 106
11 45
48 106
31 100
78 90
82 96
25 69
86 98
39 53
7 23
8 70
14 65
40 46
18 103
39 70
22 93
25 47
45 53
59 73
70 104
31 61
95 113
50 79
47 101
16 28
55 58
84 107
18 109
25 62
65 106
13 101
64 79
14 74
8 117
88 113
68 105
25 74
26 99
23 46
18 66
88 110
47 91
10 16
18 42
20 98
53 82
3 83
15 95
2 26
38 109
10 85
96 116
13 116
45 105
24 40
3 35
5 74
13 57
33 85
6 70
1 65
50 84
2 57
13 108
11 101
35 101
34 93
51 54
78 108
23 86
6 16
56 66
66 117
76 117
59 86
82 94
44 56
18 76
65 115
61 101
2 75
19 72
37 52
20 88
57 97
31 77
45 107
14 15
34 47
87 111
47 106
21 92
30 116
82 100
1 83
32 110
15 79
60 68
79 117
42 76
63 86
22 99
17 42
102 116
13 65
30 47
52 93
11 19
69 104
13 48
95 107
22 74
113 115
17 115
83 111
28 36
74 92
27 67
37 117
26 103
3 56
77 83
34 39
27 72
7 71
34 56
57 59
39 90
50 101
45 117
6 100
8 90
45 100
22 52
76 93
54 106
17 40
93 108
9 11
39 51
43 81
54 75
10 80
102 104
61 76
15 115
27 98
32 60
13 55
16 60
42 71
8 71
26 92
43 114
4 61
9 64
39 92
10 72
93 116
59 116
54 72
33 53
51 95
9 112
19 69
56 90
64 70
9 87
45 62
41 97
39 89
63 107
32 64
6 41
6 9
24 79
13 90
62 104
99 113
84 101
27 91
2 80
25 84
18 61
10 67
7 47
7 100
29 51
33 57
27 41
6 108
25 99
43 90
27 90
7 93
23 30
57 75
15 98
14 24
84 102
17 60
24 46
29 85
44 87
43 44
54 85
28 38
71 115
2 7
32 96
57 117
41 45
41 102
2 47
46 89
73 93
50 97
20 115
32 80
99 109
79 88
18 22
41 74
80 117
97 100
7 69
91 110
70 84
37 90
9 95
7 51
31 37
12 75
44 68
8 19
17 29
38 95
2 117
18 115
2 10
63 70
31 40
9 65
81 102
1 27
73 107
30 44
16 75
22 85
2 82
90 94
9 105
48 111
52 103
6 107
27 39
43 88
77 79
31 67
97 104
18 96
67 100
44 108
79 97
41 92
33 45
25 29
10 25
59 106
98 104
46 59
19 36
1 45
6 50
13 19
24 105
51 70
20 43
12 65
19 31
24 55
60 95
23 106
43 48
26 96
114 117
39 102
47 80
24 63
60 70
64 81
31 114
54 65
43 60
69 96
57 73
70 92
10 111
53 115
2 105
41 91
18 47
12 59
4 91
14 60
57 102
12 78
28 63
12 73
46 55
50 114
68 89
14 101
62 84
11 40
77 109
71 109
63 96
37 45
2 12
10 98
22 92
19 74
20 108
41 110
61 100
9 42
19 51
92 106
92 105
9 97
4 99
21 39
16 88
13 103
32 39
2 48
76 103
80 93
11 48
51 56
56 98
43 53
24 97
22 39
48 100
10 94
47 113
4 39
43 50
81 96
40 91
92 117
42 49
35 91
24 64
68 112
75 92
17 70
38 81
60 112
61 63
13 104
44 50
14 16
70 113
1 74
9 43
3 23
14 69
8 57
6 43
11 31
71 111
39 61
21 47
87 91
52 84
7 113
67 79
4 105
38 73
39 44
25 116
55 89
10 54
40 45
36 85
11 90
9 57
37 83
40 41
61 112
62 65
4 117
47 105
22 24
29 80
7 105
37 57
38 45
27 97
1 105
16 115
32 75
22 65
38 99
74 87
16 114
17 28
22 78
23 29
59 70
37 99
88 98
7 43
57 111
51 53
4 14
25 76
48 69
34 57
45 113
80 99
21 96
41 96
16 93
53 79
92 100
10 105
62 86
36 72
60 85
76 101
42 86
7 96
29 49
12 115
22 55
8 114
3 4
18 91
16 111
64 90
55 78
6 63
71 73
72 92
32 76
17 31
32 79
39 63
8 18
32 55
5 113
96 110
17 57
79 109
29 109
33 93
23 82
39 72
30 66
73 114
40 112
64 72
23 71
39 52
6 89
14 85
42 112
24 115
7 90
59 74
33 56
43 69
16 74
66 75
29 72
61 104
62 88
68 116
36 90
28 96
71 90
56 107
55 79
88 101
67 76
34 109
25 75
18 54
74 111
8 88
50 91
6 33
14 68
73 94
34 68
11 66
11 70
42 91
80 112
49 107
10 14
12 28
31 84
67 73
5 20
13 69
37 109
25 100
74 112
35 65
33 115
53 64
47 48
89 97
72 73
68 72
76 114
56 112
51 66
38 83
58 112
10 113
34 42
5 87
1 62
36 73
32 114
8 94
37 54
87 105
24 25
24 94
32 89
10 89
54 101
2 4
70 78
65 79
27 94
86 112
11 32
5 32
59 110
77 95
59 117
8 63
2 3
69 102
2 36
68 107
28 112
14 58
74 82
39 91
25 71
4 115
30 42
71 80
1 104
17 107
54 62
60 102
79 104
64 114
19 40
8 42
9 26
1 90
47 77
39 104
22 59
85 111
13 109
61 62
21 69
36 99
3 67
13 14
25 93
33 100
58 84
84 99
55 67
28 87
77 101
40 97
26 102
97 115
37 74
32 83
26 63
3 43
84 87
56 65
7 95
73 78
6 78
42 97
43 47
61 109
77 117
33 35
9 35
9 37
15 86
73 90
8 9
33 104
5 12
19 61
70 85
59 64
71 72
68 100
58 116
111 114
13 62
30 84
29 47
23 107
66 67
72 99
16 65
48 75
46 104
57 60
66 88
17 77
6 27
42 109
8 105
76 96
70 72
28 64
51 64
58 107
33 90
30 90
35 50
9 66
61 87
25 105
65 116
2 13
73 83
90 113
26 69
88 92
30 99
23 111
8 52
55 110
51 107
17 84
24 88
101 117
5 79
52 94
8 100
1 46
36 49
40 81
68 103
48 68
59 98
35 92
1 93
21 115
68 73
2 65
17 63
40 94
48 93
66 89
59 114
13 26
23 66
17 25
79 98
46 80
37 106
14 39
37 87
16 21
24 48
13 17
51 114
36 101
25 49
54 105
8 15
39 50
76 108
68 76
29 77
53 72
64 95
21 33
32 116
59 71
32 94
112 115
88 109
16 69
9 85
18 23
65 113
37 100
58 79
12 110
42 106
27 95
43 104
9 22
26 113
84 85
48 89
33 59
42 69
77 103
38 67
33 108
24 54
24 45
93 102
75 96
31 110
80 101
44 76
47 49
109 110
100 104
105 108
10 79
5 68
52 75
72 96
25 56
14 18
3 36
55 115
35 72
40 77
42 113
38 50
33 46
20 99
14 80
11 88
63 106
18 28
68 108
2 104
18 93
12 22
67 87
23 28
2 94
66 100
21 60
68 87
76 109
42 63
5 85
26 62
12 80
73 87
17 38
21 36
37 114
4 112
14 89
37 69
45 99
70 80
69 113
47 96
27 66
63 113
80 103
65 87
16 107
8 37
34 45
15 21
19 50
74 88
3 66
88 99
26 115
26 57
39 54
15 87
91 115
11 113
13 43
11 93
50 55
48 117
64 116
11 76
64 68
24 100
58 87
44 94
24 29
26 111
3 24
28 114
33 82
52 107
12 35
16 102
33 109
29 34
57 63
54 81
17 36
42 114
52 73
9 50
4 28
24 89
63 114
17 72
16 109
36 100
55 87
41 69
10 41
51 82
5 52
25 104
5 77
27 48
102 109
37 75
47 50
22 77
55 84
36 112
71 97
29 60
83 101
44 106
57 76
63 98
88 111
36 74
44 73
25 66
9 72
17 54
1 60
82 93
100 117
34 104
19 85
16 64
14 38
29 102
50 51
31 104
74 100
28 65
52 62
4 100
56 71
16 37
59 94
99 104
92 103
10 18
28 62
8 12
74 105
91 101
49 82
51 106
49 66
66 76
38 62
4 77
48 72
87 92
30 91
34 67
83 114
59 68
62 108
45 84
18 90
76 95
12 112
27 37
42 64
38 110
11 52
25 96
42 90
55 104
46 50
26 73
40 59
30 75
51 65
71 77
1 100
58 96
84 95
67 72
23 68
10 12
3 68
4 79
24 27
18 78
6 40
75 99
60 105
2 60
91 100
27 34
28 76
7 44
33 89
43 106
95 114
67 114
50 64
37 101
49 77
54 94
67 74
28 45
15 66
66 85
71 117
8 110
27 108
101 105
15 46
109 117
33 67
87 107
39 66
59 92
41 83
4 51
52 98
52 80
11 64
31 47
49 117
84 116
71 101
17 99
57 92
5 92
20 86
39 79
50 88
17 69
80 107
65 104
12 40
22 43
21 106
11 108
7 89
55 70
24 38
4 86
58 76
98 116
27 100
28 100
49 81
87 103
113 114
65 114
44 96
52 88
5 84
57 68
29 37
49 63
51 68
9 31
30 115
87 108
48 51
48 50
19 62
3 38
8 115
38 96
2 21
8 80
104 113
24 78
56 78
43 95
87 90
35 94
78 82
24 117
18 51
26 98
40 44
6 113
53 116
29 83
58 59
43 56
25 26
47 57
69 74
98 115
31 68
55 105
50 104
20 38
33 99
10 74
78 81
6 20
43 55
12 54
51 71
83 108
28 32
23 78
90 100
60 114
63 82
5 89
45 61
41 88
16 52
28 72
73 89
43 108
9 38
90 93
28 74
35 45
34 111
8 95
38 41
1 98
58 94
23 101
26 117
94 105
1 68
73 111
45 67
57 83
51 94
34 100
27 35
4 116
14 94
45 81
23 38
77 91
45 74
11 34
42 105
17 106
6 98
17 26
42 87
38 104
16 96
52 115
43 103
34 70
73 75
38 100
7 77
14 115
94 97
52 82
2 46
103 105
4 107
52 78
1 15
74 97
61 91
22 82
12 83
3 26
70 71
57 114
9 34
10 58
59 100
20 40
2 52
61 69
108 110
76 116
43 113
1 80
32 81
25 68
49 60
5 104
14 76
14 105
59 101
27 101
39 99
19 55
50 70
37 59
35 68
12 52
3 91
82 91
37 94
33 111
12 101
27 117
68 110
53 97
71 99
38 49
13 102
23 33
29 43
5 76
86 94
7 17
45 97
65 75
59 107
9 60
44 79
2 40
53 78
72 83
92 110
17 19
34 48
51 98
39 65
8 96
25 57
14 98
11 38
1 42
23 52
51 104
62 81
65 94
2 18
57 58
13 23
5 8
24 99
82 95
89 109
14 22
4 29
40 65
79 80
38 82
55 80
57 80
52 85
41 116
69 70
27 76
79 81
44 105
15 97
97 102
46 102
37 98
16 25
74 96
20 107
92 114
53 55
53 75
28 81
26 106
3 88
101 111
29 110
60 109
94 100
53 100
39 42
59 80
45 94
89 115
17 88
22 80
6 46
92 111
3 40
66 105
90 112
7 112
36 63
51 78
84 97
20 112
74 104
48 64
73 85
14 49
39 57
24 44
69 103
73 80
37 42
81 113
10 61
38 92
80 114
5 59
35 61
34 72
83 109
27 44
100 108
20 30
3 31
56 85
101 109
95 112
49 112
16 26
68 81
10 28
19 35
4 74
29 59
23 98
30 94
68 69
9 45
80 115
27 30
8 116
16 27
15 25
10 13
16 70
34 102
32 117
85 98
5 115
7 16
58 88
60 77
30 101
23 85
32 73
47 97
44 101
75 113
1 52
72 78
15 109
31 94
80 97
22 46
22 47
32 33
21 23
35 102
37 60
34 105
76 81
38 77
40 109
15 63
19 108
25 45
72 85
100 105
19 28
35 60
75 76
55 90
14 78
26 53
33 69
72 109
51 111
2 98
28 39
38 93
4 82
15 88
80 83
28 44
78 117
16 39
78 112
40 49
18 94
50 60
22 106
13 81
49 61
14 40
9 55
5 57
80 105
2 64
38 71
9 79
83 110
11 106
47 93
45 56
22 38
6 84
24 70
65 89
9 82
22 70
72 77
10 81
63 92
6 97
52 105
29 113
42 74
52 91
42 100
63 72
26 68
10 100
73 74
4 93
45 104
27 60
46 68
27 65
17 34
17 41
39 88
6 104
43 74
33 103
2 25
41 115
56 73
2 91
10 55
28 102
4 83
21 24
30 48
33 95
33 55
33 77
40 106
79 85
5 34
76 80
87 114
56 82
48 99
12 96
13 83
43 65
54 104
5 111
91 114
20 78
16 84
7 114
42 98
75 108
24 75
42 93
10 110
37 53
53 114
82 85
39 56
86 114
35 63
53 91
29 58
22 89
21 41
20 94
18 67
57 104
15 105
14 96
7 64
19 32
91 117
38 39
40 72
11 103
78 95
43 72
2 59
94 106
15 92
12 114
77 105
78 97
75 97
49 64
30 40
12 79
33 76
61 80
23 67
101 104
40 54
61 99
7 31
25 50
33 79
49 51
8 39
75 87
10 23
16 80
3 105
79 89
23 43
8 89
39 106
10 24
26 64
59 103
24 60
53 85
43 64
58 100
44 67
38 106
48 66
83 98
45 66
23 59
41 105
22 69
34 66
4 7
54 82
65 109
113 117
29 87
9 24
10 82
48 49
11 63
10 69
47 110
10 73
62 70
80 104
74 114
6 18
33 92
58 101
25 51
49 108
103 111
27 31
49 96
30 112
101 114
25 90
20 81
53 110
12 77
61 74
62 91
84 88
9 12
16 18
25 82
48 101
84 98
51 100
20 36
19 41
45 49
49 84
44 88
43 62
28 48
75 110
52 69
42 81
30 39
67 98
18 40
62 75
19 87
67 112
47 89
23 24
36 87
31 64
3 20
15 111
48 83
84 103
48 92
38 86
61 98
66 90
26 114
30 97
79 103
45 102
23 92
6 73
24 113
65 69
5 6
9 39
104 108
30 36
30 52
37 62
1 22
100 102
24 107
79 111
25 52
17 66
21 64
63 66
56 106
16 49
4 23
5 24
94 102
33 48
2 37
103 104
19 109
52 67
94 116
39 76
4 36
44 102
107 109
83 113
4 33
56 60
71 102
9 102
62 96
50 52
22 111
41 67
24 86
5 38
10 71
26 105
70 97
23 80
24 52
73 103
13 27
84 113
15 31
16 36
43 89
29 41
71 85
42 77
56 58
46 109
50 78
48 71
86 92
5 63
54 77
73 106
50 116
17 52
54 64
110 114
78 104
36 57
43 75
110 111
73 98
40 47
78 110
6 77
17 95
30 92
75 112
66 87
19 63
8 67
69 117
17 108
7 18
49 71
5 78
56 67
60 110
58 74
11 51
60 116
27 77
42 89
16 50
26 46
76 102
46 107
76 98
112 117
6 82
43 96
5 46
53 112
54 88
11 78
6 99
71 113
23 116
36 62
64 86
30 107
8 64
72 98
63 87
61 105
25 44
54 114
49 93
38 94
13 39
16 86
19 49
48 58
15 90
30 80
25 115
30 117
6 66
20 29
43 105
80 91
1 9
20 77
75 98
42 99
46 97
103 117
77 115
8 111
3 45
12 36
94 99
15 20
55 64
44 75
21 87
40 88
13 21
70 96
100 111
14 23
23 75
10 45
6 87
10 29
36 66
94 108
30 32
59 90
1 99
35 80
14 114
