86 91
100
86 32
86 70
17 91
86 22
22 19
24 18
19 9
86 43
61 45
86 14
15 28
73 1
45 11
81 91
12 91
5 91
19 75
46 91
23 3
86 27
34 78
5 62
66 46
13 91
69 51
85 9
83 59
86 24
85 87
21 2
80 54
36 89
86 14
14 47
75 58
17 18
49 91
73 25
86 17
30 91
86 7
3 91
14 91
86 1
34 35
75 37
86 16
76 74
2 91
71 8
1 91
67 86
2 91
86 11
17 32
9 91
86 59
86 9
197 91
121 170
106 116
86 152
129 124
165 91
86 132
110 143
86 158
145 114
86 167
86 193
161 91
200 91
200 91
175 167
170 91
153 185
86 200
182 91
195 95
86 165
199 91
86 120
163 191
86 186
200 91
86 191
86 200
86 175
170 181
197 108
163 127
136 114
187 91
144 160
86 168
200 91
86 200
155 92
121 91
194 95
