81 99
100
30 99
10 99
72 67
66 18
81 67
42 21
17 14
44 99
34 74
29 67
24 90
33 74
5 24
81 18
81 59
15 99
81 1
45 8
3 15
5 16
45 16
56 46
54 2
81 5
81 1
81 50
26 99
23 99
42 60
46 20
75 47
63 16
6 99
81 14
58 27
6 99
81 42
58 68
81 25
30 27
14 12
3 99
78 63
2 64
41 64
81 12
44 28
43 99
15 99
21 45
4 99
81 17
81 30
2 99
81 35
25 21
30 99
39 95
81 4
81 60
6 17
15 99
80 97
73 54
2 25
81 14
81 71
34 99
81 3
81 44
81 12
81 24
81 198
200 99
174 116
182 166
158 106
189 171
173 150
81 160
173 99
90 140
195 139
142 99
127 161
81 200
160 183
127 99
188 118
81 190
81 193
81 126
191 99
184 126
81 197
96 116
96 179
135 131
141 135
81 163
