30 435 19
-760 -699 29 2 303 461 876 520 -729 -48 -637 -423 285 269 -399 477 323 299 577 116 -489 559 -333 -301 -371 -678 -743 -454 -882 -796
8 29
2 29
4 27
13 24
19 21
12 30
25 29
1 22
6 21
21 24
2 24
2 5
1 8
10 12
3 10
12 23
9 15
10 19
16 19
3 17
5 21
2 10
2 18
7 26
11 14
18 25
19 28
17 20
7 18
13 17
7 24
5 23
9 11
14 30
23 26
13 25
1 28
5 13
8 14
14 19
10 28
4 13
4 11
14 17
16 20
6 25
3 20
12 14
11 22
7 29
12 29
24 25
14 22
21 22
7 25
16 23
13 14
12 27
11 18
10 23
4 15
18 24
4 19
2 9
16 28
6 11
7 20
13 18
13 22
18 27
1 26
3 23
3 25
4 22
7 9
19 23
3 18
1 3
15 22
18 30
3 21
10 18
10 13
7 12
6 10
15 18
10 22
21 26
24 29
21 25
1 7
10 15
22 29
2 8
1 5
19 25
3 12
9 10
24 26
15 28
17 30
17 27
1 12
14 18
5 6
21 29
22 28
8 9
3 19
14 25
11 15
28 29
8 30
12 19
12 16
7 16
2 26
26 29
1 13
5 16
7 10
23 29
2 15
2 13
5 20
4 21
18 19
4 12
2 30
4 6
3 4
4 18
15 16
4 23
8 23
1 30
5 7
10 30
6 8
14 23
16 24
2 11
11 21
17 24
14 27
7 11
7 15
1 14
10 25
5 25
25 27
11 25
18 26
26 28
11 27
23 25
9 23
8 13
5 17
10 17
15 20
5 28
5 30
14 29
20 22
5 24
1 25
17 22
8 20
11 24
16 26
9 22
8 28
2 25
24 30
6 26
8 15
1 27
25 28
6 7
5 22
10 20
21 28
5 19
10 11
8 12
4 7
5 26
9 28
13 19
12 26
20 30
26 30
15 29
7 13
2 27
3 7
9 30
3 30
13 15
7 21
2 28
26 27
9 17
1 18
2 3
9 16
12 18
1 11
24 27
1 15
19 22
7 30
4 5
4 26
14 26
4 28
4 20
14 24
20 21
9 13
12 15
16 22
6 20
13 30
10 29
17 23
9 12
22 25
4 14
11 12
3 8
12 17
7 17
20 27
22 27
27 30
5 9
3 6
1 20
10 14
6 24
8 11
13 20
4 29
4 16
17 18
4 10
2 22
20 26
8 26
13 23
11 17
8 25
15 27
6 30
9 26
9 27
16 27
13 26
12 20
13 27
18 22
3 26
7 23
27 29
19 26
6 23
6 13
22 24
11 26
2 6
16 25
27 28
13 29
6 19
8 21
19 20
4 8
9 29
1 10
12 28
1 2
3 29
5 15
15 19
11 16
3 13
3 22
5 11
15 30
7 22
9 24
22 30
25 26
10 26
5 29
16 18
17 28
3 27
15 25
24 28
14 21
10 16
10 21
6 16
20 24
11 28
18 29
6 29
3 24
9 25
11 23
9 19
23 24
1 19
2 4
17 29
2 21
7 19
20 28
9 20
4 9
17 21
25 30
3 15
2 23
12 25
10 24
5 12
14 20
11 13
20 23
8 27
16 30
1 16
15 21
22 26
14 16
12 13
5 10
4 30
1 17
19 29
22 23
1 6
5 14
2 7
3 16
18 28
13 21
8 10
9 18
3 5
20 25
23 28
16 29
1 4
19 27
6 9
28 30
17 19
11 19
4 24
5 18
7 28
15 24
2 17
16 17
3 9
6 22
3 14
6 18
6 14
17 25
9 14
12 24
13 16
2 16
1 9
6 17
8 17
7 14
6 12
18 23
1 29
14 28
9 21
1 23
4 17
6 28
7 8
14 15
2 20
20 29
6 15
23 30
2 14
16 21
2 12
4 25
15 26
13 28
11 20
23 27
3 28
8 22
12 21
8 19
17 26
21 30
8 16
15 23
8 18
10 27
18 21
8 24
18 20
19 24
3 11
6 27
12 22
15 17
1 24
7 27
19 30
21 23
29 30
5 8
11 30
5 27
21 27
1 21
2 19
11 29
