100000
1000
61761
53202
95965
63353
68623
34105
74070
83468
13471
15465
49911
75782
40000
11951
34235
60681
3468
40244
1967
2528
60865
93026
39237
63523
40926
29749
6448
81668
56184
81767
85015
81716
50509
52213
2989
52391
97297
47961
53729
64457
49842
30475
16913
76496
32586
94285
17974
23927
34196
77708
5702
11030
59967
35157
14069
83325
94396
65058
99650
36025
83044
65462
19101
21155
93977
66843
60636
39645
25112
12392
90204
77226
22561
53089
84399
53125
69201
94909
17362
31322
45817
49353
31224
54366
36461
54545
36308
38823
55792
57505
62455
29187
84061
76327
26164
46716
22466
78950
93440
92082
88463
73916
85034
99123
59669
83486
69551
41875
17658
15580
20705
90418
90851
21816
89265
82427
65516
71352
94579
34635
16912
41309
62170
12309
77633
76217
18742
36516
23280
94464
66638
23185
92582
65805
14251
85543
43879
48704
11520
11553
29965
18646
25391
63789
34333
55749
31290
59962
57885
78173
10855
38421
40711
8871
77567
50315
82575
64878
74792
13397
45983
46592
70740
88106
95997
23237
48897
41058
83089
7265
68384
78987
59361
90495
18819
79947
33599
54920
86837
56203
80894
32184
15296
26401
20659
12315
90471
96316
59678
67975
17764
28838
15083
74248
55040
67068
38303
25502
31388
20271
76274
39442
93989
21443
82117
2442
72332
74614
16708
29474
86661
29127
66094
3655
71491
49355
82826
80892
84240
25034
84527
17727
1570
38544
10041
54299
36722
75348
60513
99979
64205
33181
33786
81856
90509
4319
85436
68580
59685
43443
89555
40121
20517
83712
84671
95363
41950
68137
99347
47785
34547
86421
71435
46127
42962
51582
97738
90041
56503
92257
20490
90868
56692
58265
33257
39302
60663
78842
32996
57213
57940
5393
69008
97229
64350
57490
63909
17092
59024
11500
55237
78193
58699
89787
91285
83959
88584
23757
71747
65306
9974
10334
19051
5045
35650
97663
98289
59973
12914
19887
94056
74065
63153
47130
31209
9675
26654
57311
4246
50886
33669
95600
52273
6477
61549
33455
26125
81699
48893
64341
64226
74926
3183
41361
23029
84804
54026
38499
64382
31717
89802
63518
12552
50998
12983
2717
58969
86747
18336
77106
29807
52184
9735
21833
38168
77202
73465
97301
94869
64628
12067
75120
23192
48821
18687
49844
84980
2119
50101
8157
84624
31285
59667
44339
33712
74671
54479
87720
24484
35305
56249
31789
46685
14856
9614
52278
97186
2369
79716
58831
16866
3853
94287
65686
98483
17310
5124
47000
93022
99598
15750
39183
82057
43699
24820
20291
55112
44944
72392
59028
84100
53917
24699
227
91654
3507
36368
54996
61306
56905
74779
96111
35653
99997
23611
89273
41812
7129
10842
11541
30601
98536
26754
44764
95033
70577
60938
35498
62718
96282
94227
74047
70944
96718
98387
58176
63368
63585
51936
56136
19799
98863
76060
28554
11160
20556
94682
62705
70869
39630
54450
72629
88657
61988
80628
5240
63866
95858
75727
39446
30179
64442
97135
92674
90723
21980
61092
30431
83618
40627
32801
68589
61853
81630
82665
98316
56922
93039
62823
27447
47901
59517
26695
77761
34984
45027
58801
55839
1887
19599
5473
63824
58627
21441
87900
38735
57639
52037
99105
24572
97379
21845
99180
11933
93928
23177
90294
12171
34219
77955
34156
78086
5086
92800
41750
74605
39961
21764
15964
44315
64331
80850
85556
56326
24508
25341
97603
16427
6218
28023
41126
84571
47157
56709
37543
54791
2214
39428
28510
44650
84983
30331
37999
65610
23517
92266
59415
31044
94430
46043
66452
79789
2872
33889
11208
3433
55253
73773
45777
47739
52039
44361
53615
43910
86771
32798
61043
33675
79360
96795
7322
22496
63385
37605
305
87798
89778
65113
51928
93998
58835
45268
24568
71975
22926
7887
55743
96580
42561
66177
2971
54855
1596
50490
27678
7885
2888
2190
46525
80177
49147
48903
16477
93822
27657
20894
10222
44540
97795
34436
97324
36140
55644
69572
81385
65917
55951
83106
72803
41556
23521
51805
93319
69432
14194
34014
31584
91093
77152
19425
59539
54133
55403
5761
19332
99202
93301
81965
88182
57706
44528
7059
2586
65955
76388
62114
44194
23670
6704
30388
4850
27633
34779
1724
58353
79799
88281
93329
91538
56591
23571
48747
45951
49408
57079
257
23688
23575
93586
62240
39978
91714
92941
96287
11152
52541
96978
5880
33022
25645
76200
19951
86977
54408
52759
28188
58507
57610
5141
38248
91073
61357
53374
91921
71155
8045
58689
72298
93091
84363
79745
1584
3079
88455
56135
32680
72787
68301
34935
66827
5964
65626
89184
47173
55408
71853
14569
83783
4491
71425
44024
43178
98968
5148
24533
84964
69577
55780
7429
77346
41703
16794
13194
3620
99790
44633
48456
30009
51821
6007
30937
46349
73262
91086
79575
99848
12730
62072
56964
99556
73037
63251
33162
27754
43562
52660
1526
32083
83344
19349
94630
61058
41063
96080
44432
66877
26312
45235
32928
13016
48091
26559
3509
21001
36279
10847
47539
85595
47551
39218
34274
13860
630
95769
37785
46953
74114
40270
10516
78042
60052
56336
16917
33204
10692
69119
65720
90573
78045
72585
57388
97990
6906
45605
23136
5847
84502
4846
71740
71339
67807
64082
57041
19367
72108
52212
87573
93198
93571
43069
49756
44350
54775
13933
96613
82593
99856
32949
9132
84172
27763
23973
36345
41134
16047
77578
26698
3299
15292
76891
48113
69737
68264
88362
76540
13187
27287
89785
57341
69273
95890
80099
84389
74074
73314
10586
6009
6499
1834
82419
53818
24440
92781
75532
96993
44996
59920
60314
17220
25577
28019
6972
9423
15906
6265
45933
87496
67254
28718
95364
68202
67959
46455
58619
86247
10910
51863
14853
12431
32719
45073
22937
99100
92706
7004
61998
86935
81884
85975
51246
33468
78756
83439
58048
5355
96553
22068
47147
71496
53631
8329
27505
45549
89387
56470
90464
72156
19287
96012
75847
42761
39593
18424
92703
49808
318
17705
93790
61077
99307
46745
14239
1880
9449
70297
17320
27837
18759
46742
15063
46231
93948
7516
44029
57588
80898
91801
64667
74428
20345
30697
58709
51734
77078
54264
11670
98142
58762
89411
19680
24498
46185
21937
34049
30239
35240
37117
73026
71212
18075
79977
51028
19378
3887
25297
44843
98758
82511
62158
20363
47512
97306
352
80015
87777
44837
41052
18257
61480
38695
25906
44962
56990
60232
26782
18269
16233
32461
59478
40413
