200 6457 107
-699 -251 885 700 214 -527 -478 -877 414 876 528 716 858 -461 747 -381 -794 367 102 -32 -46 -979 -793 -792 -391 555 -207 -880 -349 379 -998 960 -47 566 -49 369 -185 -972 560 422 622 -310 -985 501 -716 384 99 272 -338 56 679 -146 -914 406 657 -847 -248 -538 876 -264 706 251 -812 -388 109 710 -184 86 9 263 -956 646 48 684 995 548 423 737 464 793 266 -921 -332 -227 -303 741 490 174 144 807 781 -944 78 892 -961 400 477 -408 -341 -299 -453 364 34 -757 728 -769 -651 -180 526 568 -162 -959 -654 -977 934 -380 478 453 -788 299 -798 664 -617 688 178 148 -509 -68 829 -165 758 -153 156 -322 263 713 826 389 -21 -824 88 489 -536 -927 -305 108 214 -716 181 -770 809 -821 40 225 -798 -121 -657 583 965 974 -153 72 -271 -974 -167 -422 -866 274 79 365 -848 -766 979 -763 -805 -701 325 223 44 -35 -249 -781 894 -648 74 883 403 423 182 635 473 636 -760 -101 277 496 -48 -10 -891 945
83 200
70 103
68 148
62 156
74 92
15 47
103 148
69 186
3 76
23 71
18 36
11 126
57 66
39 197
64 89
51 62
52 123
118 193
39 177
52 86
11 70
10 180
8 48
48 198
20 186
60 145
46 108
50 159
84 140
101 139
1 131
38 153
40 180
69 83
60 110
71 138
142 155
73 93
7 39
73 84
128 135
7 67
13 60
35 78
148 174
58 122
157 163
41 130
26 161
59 150
8 186
35 197
91 114
125 162
89 174
43 149
73 154
96 116
91 144
86 164
63 137
2 107
18 170
76 112
139 191
109 118
31 195
25 85
128 188
74 108
59 129
81 184
89 165
22 159
13 102
48 74
32 178
50 186
67 76
41 86
62 179
21 65
66 166
146 151
112 140
41 118
85 186
103 106
101 111
88 125
123 187
32 76
37 146
36 87
3 124
13 31
8 172
111 153
27 70
56 166
16 69
74 166
52 112
70 109
82 153
48 62
16 160
41 189
69 153
1 55
68 81
153 176
80 125
37 50
101 162
69 135
41 55
34 67
106 185
130 164
3 65
2 137
69 151
102 164
75 130
37 149
4 93
188 195
39 55
88 147
100 145
102 119
68 108
42 90
17 183
42 125
41 59
166 194
8 70
159 171
54 57
46 105
70 121
75 129
118 199
93 99
51 197
100 183
48 121
119 150
3 181
95 101
74 155
1 50
125 177
12 147
72 199
80 135
111 162
44 76
56 119
113 160
8 30
49 99
32 56
31 160
33 196
51 188
139 144
61 72
23 31
30 52
95 121
8 27
7 84
90 144
97 171
54 188
15 108
108 111
79 86
69 169
56 180
35 189
18 106
39 99
57 186
30 53
27 131
34 140
113 120
15 35
40 90
141 188
22 79
75 167
76 161
10 170
41 92
33 190
42 151
81 182
154 177
16 100
173 194
27 139
148 197
86 153
167 196
62 162
92 141
53 132
83 99
47 60
79 175
54 130
31 83
85 174
75 196
68 136
13 146
121 178
98 148
146 186
5 52
10 82
42 74
164 167
65 141
50 59
88 100
98 120
51 66
165 172
147 156
52 139
85 151
4 186
67 117
53 174
16 179
19 122
51 128
8 98
30 72
98 187
107 187
16 40
61 190
46 159
58 90
164 180
57 109
95 111
1 181
29 86
68 158
56 97
99 130
21 178
43 170
95 145
54 97
26 44
45 89
8 130
54 63
81 129
14 24
94 118
35 136
100 177
53 176
83 93
17 158
181 186
94 113
144 198
74 170
92 200
68 84
125 182
155 166
61 147
42 65
49 189
25 168
65 83
3 110
5 97
7 70
43 52
175 200
21 177
16 77
147 149
2 93
69 97
102 177
85 120
5 83
120 130
2 105
166 181
35 37
62 176
151 189
22 114
3 146
17 198
56 178
11 138
148 164
113 184
83 185
19 195
63 188
121 138
24 125
43 136
30 136
19 97
85 108
46 129
1 153
99 162
18 120
101 110
157 193
22 183
62 198
136 147
60 188
60 70
114 200
23 154
76 132
81 158
43 115
31 59
80 197
37 114
10 16
72 171
39 195
80 117
2 161
74 114
95 142
99 195
20 113
23 27
17 157
57 99
24 37
24 152
60 78
2 100
61 144
1 82
56 191
140 155
6 160
6 79
125 181
152 168
112 164
16 192
31 60
117 174
142 176
82 155
16 144
161 182
143 197
100 173
8 34
37 83
40 159
39 73
43 72
50 189
112 177
66 91
101 174
122 157
3 105
44 68
111 159
88 161
9 123
30 127
115 144
89 198
51 104
85 187
17 24
174 189
79 165
130 188
20 193
92 125
18 34
115 175
147 152
14 115
63 131
43 138
119 179
1 168
55 96
178 191
61 129
44 182
79 122
93 103
68 195
133 156
13 76
45 58
88 173
146 150
57 138
102 136
91 127
108 184
4 61
17 141
17 65
37 168
45 64
128 184
87 160
109 154
20 185
13 176
164 187
129 149
160 163
40 134
50 82
4 84
143 167
52 118
31 35
34 182
44 49
70 200
167 197
118 185
16 130
87 97
40 157
172 194
49 106
88 145
28 101
42 132
162 178
51 97
2 119
62 91
2 176
70 178
142 173
58 101
92 187
17 68
53 127
56 126
125 165
40 140
96 150
44 183
26 83
109 123
76 191
8 182
166 196
94 136
5 68
112 129
39 153
36 116
103 163
50 62
12 18
1 99
134 179
46 179
11 164
91 191
134 147
131 183
89 150
15 183
2 87
59 191
182 190
116 148
66 92
127 167
21 55
71 86
134 180
123 136
111 144
11 98
14 124
95 108
33 172
91 145
25 73
74 183
77 166
12 86
154 189
37 173
76 151
134 152
33 62
83 133
13 22
122 168
46 169
13 145
125 155
162 184
27 141
14 105
14 17
47 135
188 199
1 197
16 17
49 144
81 191
23 165
7 40
14 120
75 155
42 86
55 135
9 146
16 73
46 189
71 82
54 117
92 193
85 89
31 73
80 101
12 158
10 18
108 190
88 149
113 132
29 187
28 61
58 80
104 157
2 169
62 66
38 103
6 84
50 191
57 185
14 138
167 180
90 161
4 17
5 54
87 156
108 138
21 197
86 137
158 175
3 129
68 100
97 116
84 108
165 188
70 148
34 51
15 125
92 117
44 81
40 51
18 163
131 132
46 87
2 3
55 72
114 171
24 198
122 146
160 166
85 123
14 77
12 108
34 60
136 146
3 87
115 183
1 3
82 97
28 70
105 175
166 183
80 124
19 74
79 158
125 144
83 106
49 192
67 134
69 188
77 158
40 62
14 21
109 148
28 174
80 190
129 148
63 109
130 135
171 193
99 145
119 155
55 122
101 115
64 172
11 151
23 120
75 114
3 14
110 174
3 155
43 71
58 146
36 159
96 136
45 189
135 146
12 175
38 57
71 90
118 147
106 159
184 200
50 102
11 101
136 140
55 197
35 152
169 171
80 88
44 150
158 181
88 165
137 159
130 158
51 70
81 141
3 17
143 170
73 97
124 188
60 67
87 104
122 150
19 172
35 72
30 43
118 139
80 137
28 109
39 46
127 136
38 44
45 103
128 194
90 149
170 196
145 196
12 155
115 118
82 138
31 153
37 192
112 194
62 175
15 104
10 78
85 106
146 167
57 101
16 191
3 69
9 144
18 25
20 136
67 85
113 157
26 147
36 41
78 178
161 183
29 195
57 94
84 191
42 62
57 119
44 111
2 146
129 190
123 175
14 146
121 142
101 159
60 119
77 104
156 195
107 156
67 157
36 171
26 149
39 124
54 78
76 130
137 200
64 178
18 30
85 165
20 82
105 141
1 59
31 91
54 71
122 162
12 45
104 147
82 146
14 16
66 176
100 105
37 131
55 193
83 88
70 81
105 169
25 169
81 93
32 88
77 84
147 188
39 48
58 161
75 84
113 175
21 135
52 143
47 111
36 180
159 168
44 178
116 200
28 33
73 117
19 85
115 127
36 57
2 17
57 91
193 195
171 186
101 169
101 190
116 151
16 197
148 155
9 186
25 80
4 47
13 149
47 166
6 169
86 197
37 94
42 106
72 124
72 154
127 178
49 156
63 98
6 104
40 184
109 131
160 173
26 46
4 15
127 150
89 160
129 132
111 155
9 151
81 120
1 8
41 161
101 173
63 192
68 71
148 159
43 173
20 51
90 133
49 112
4 101
46 77
61 104
83 199
88 158
114 162
71 113
98 177
50 187
170 191
146 200
56 193
23 144
27 170
38 175
28 175
85 121
99 134
50 105
29 73
164 173
17 26
5 134
5 28
19 154
27 136
48 161
88 160
87 185
36 70
2 139
99 146
106 130
2 181
151 172
56 171
91 135
5 85
28 99
81 155
26 45
11 45
8 188
136 145
123 148
20 29
26 199
137 166
10 35
1 132
120 159
22 77
39 159
45 130
11 136
64 95
63 183
102 189
131 142
47 197
141 192
36 172
190 196
113 178
22 142
191 195
5 173
21 118
77 147
1 27
19 113
61 101
141 199
5 170
85 144
10 161
56 147
64 132
126 198
48 123
9 42
23 26
123 155
117 149
123 157
45 193
68 111
73 89
106 108
44 166
56 138
178 179
115 129
94 131
12 156
17 161
193 194
7 174
11 23
66 75
59 161
42 120
54 82
111 192
4 187
40 97
62 145
43 100
16 95
30 36
12 56
50 123
89 92
150 197
108 177
135 144
18 145
108 121
26 48
59 135
136 170
97 165
125 151
64 136
44 187
63 177
102 182
78 181
60 106
122 147
11 95
47 66
72 89
35 115
83 103
107 120
187 197
29 53
72 177
6 20
23 25
116 175
82 182
35 67
48 52
45 69
16 143
23 99
155 178
41 76
22 150
89 144
27 47
36 84
137 186
60 125
38 141
119 122
144 188
87 111
32 192
97 157
16 92
104 129
17 64
21 100
40 59
161 163
25 67
181 195
74 128
62 153
60 111
111 165
51 76
64 168
32 59
41 70
30 57
101 167
28 188
90 167
37 185
2 68
147 184
25 119
23 47
100 184
39 56
21 182
11 173
162 165
144 194
71 194
35 185
109 124
106 136
81 194
20 92
55 187
116 130
170 174
140 154
14 134
17 84
54 155
28 138
87 139
150 165
39 107
40 182
18 39
76 116
24 151
40 171
74 101
165 187
114 155
126 135
72 116
77 178
183 187
69 175
63 138
33 120
63 86
132 136
38 149
37 46
3 40
109 160
26 73
59 69
34 89
96 130
104 154
157 166
118 189
89 133
106 194
64 137
153 160
55 68
31 182
61 82
54 66
69 89
53 78
138 152
68 92
39 121
53 70
53 141
90 91
58 183
86 94
102 167
59 199
96 131
76 172
3 141
169 175
45 150
49 167
27 167
153 197
71 89
6 14
61 141
67 194
6 145
73 159
155 172
62 197
68 99
19 130
11 51
26 65
60 178
72 174
13 59
47 68
90 132
5 197
13 25
70 86
64 155
115 198
1 182
86 102
27 78
57 123
22 124
165 175
149 157
64 76
10 197
47 96
132 164
190 195
26 143
6 19
86 194
25 88
25 83
139 151
59 111
23 40
88 95
5 32
14 151
175 197
92 161
155 165
43 135
63 69
5 158
31 122
26 174
33 124
14 195
56 187
26 158
17 169
77 198
67 109
136 153
46 125
28 130
37 79
113 151
123 151
167 194
2 101
23 174
99 132
5 113
5 27
132 160
28 68
60 65
6 200
15 176
46 96
67 119
40 169
112 126
25 136
53 124
58 182
13 39
27 76
73 79
58 73
132 187
64 94
128 173
113 138
34 143
33 132
2 122
136 163
69 130
65 138
41 149
28 147
36 129
96 161
46 188
86 160
49 146
14 90
78 106
19 88
117 158
166 184
12 144
20 128
23 53
26 164
115 140
110 192
24 39
80 192
82 151
94 155
16 153
37 150
32 74
61 118
137 140
106 158
139 183
167 183
47 154
42 144
139 198
34 55
3 32
34 124
78 80
137 174
23 29
75 106
49 84
34 63
150 195
40 77
61 170
69 178
106 164
88 122
96 175
18 50
68 119
78 145
46 160
58 75
11 61
38 185
88 140
39 131
26 75
14 56
3 188
25 33
141 190
28 51
34 142
3 191
41 169
4 74
51 162
65 70
41 163
14 125
30 183
27 89
18 53
13 121
68 149
53 158
14 122
58 173
17 188
59 200
22 81
190 192
78 179
152 188
70 158
32 152
4 170
103 134
83 119
71 77
35 161
72 109
56 107
105 106
172 182
4 19
167 184
10 146
23 184
119 126
90 98
32 105
104 142
75 95
33 155
1 34
114 154
133 189
84 113
19 95
135 161
36 132
1 166
29 146
154 196
36 80
96 141
2 37
21 81
65 109
50 56
130 153
139 149
37 158
16 188
96 103
13 14
119 169
82 175
19 110
49 90
120 153
114 197
8 18
56 199
31 33
55 65
68 190
46 157
14 153
60 75
12 42
61 154
57 96
118 165
22 110
176 193
20 190
79 193
18 90
94 119
126 150
75 117
27 86
42 96
70 150
4 185
38 167
147 161
111 113
50 66
17 155
16 24
98 136
110 151
77 145
9 28
12 110
41 190
170 183
79 186
121 130
143 194
67 200
1 96
87 194
49 177
37 77
3 113
48 150
53 90
44 56
8 120
57 177
82 128
89 158
136 175
14 60
62 69
34 152
9 103
11 121
34 130
62 143
31 196
7 124
95 163
150 186
60 191
112 159
136 167
42 94
4 110
33 143
63 185
83 142
103 173
20 96
98 169
69 193
87 96
37 171
41 88
122 183
77 155
65 82
11 92
109 169
135 142
66 128
92 154
153 177
97 155
147 170
79 111
135 189
32 84
60 189
2 130
22 84
33 142
19 184
47 110
56 165
52 60
15 66
24 126
157 188
80 86
35 86
35 116
88 148
63 107
86 139
28 90
49 77
35 63
36 197
45 158
21 160
59 68
28 131
43 151
54 90
69 118
39 183
19 90
1 152
83 153
91 143
115 184
141 200
12 55
138 186
69 108
39 138
145 152
62 96
7 37
14 177
10 80
97 99
54 194
21 140
7 178
35 153
23 121
134 161
118 134
10 120
92 189
161 171
119 159
34 104
119 127
145 179
151 193
45 157
10 39
87 127
124 145
123 159
42 193
18 175
94 148
124 164
92 109
155 183
134 174
44 115
31 98
60 96
16 174
82 113
130 177
34 96
12 34
50 135
106 139
122 124
39 178
37 184
98 197
5 42
31 179
68 185
46 192
122 176
83 117
126 172
19 63
9 22
1 65
52 89
97 121
80 166
97 192
166 172
111 199
54 73
89 134
30 65
159 175
45 177
11 161
171 185
16 176
12 69
90 136
9 118
52 151
77 81
22 74
45 92
53 198
55 120
29 88
113 159
2 168
90 148
37 71
12 179
3 149
45 154
124 180
84 104
87 173
94 142
99 193
35 200
88 156
45 98
76 183
1 73
58 129
125 168
110 127
117 191
32 73
28 198
4 161
7 142
131 138
71 115
80 84
38 172
12 96
34 171
118 146
28 123
101 183
130 136
69 121
17 154
76 163
39 143
54 140
147 177
33 53
121 152
129 163
159 196
38 90
49 110
63 161
29 153
149 162
3 172
25 162
89 149
6 129
163 175
2 22
25 77
37 187
28 38
95 136
105 200
133 178
100 102
175 198
97 101
17 200
184 197
44 98
31 174
100 168
23 32
136 160
113 125
97 139
88 181
32 78
102 106
57 140
14 99
41 183
76 138
44 185
129 184
94 192
149 150
176 199
15 116
122 164
20 140
82 98
38 144
137 164
144 159
17 21
89 169
32 80
35 166
30 89
68 124
131 144
47 157
56 59
69 181
6 61
20 90
97 107
132 172
34 116
119 160
69 129
6 25
20 184
80 176
80 96
106 198
104 174
5 140
73 128
86 99
116 157
158 200
122 160
115 163
105 172
5 122
57 152
131 167
7 167
98 192
114 157
111 133
135 168
88 103
142 187
92 184
137 141
186 188
6 89
28 144
1 51
84 107
40 71
168 169
102 107
14 136
115 130
41 62
98 123
153 192
3 163
124 179
97 135
177 193
132 200
54 183
56 113
66 163
6 164
8 84
53 73
63 119
137 142
157 167
58 191
67 154
77 135
143 163
54 164
113 150
103 200
66 109
23 127
69 197
162 185
151 178
34 157
5 26
34 106
31 47
8 158
125 143
132 165
55 60
50 166
54 163
77 151
101 150
50 157
79 115
94 158
33 140
98 179
169 190
41 67
21 105
49 119
65 176
127 176
75 127
18 31
57 164
187 194
65 103
24 134
58 97
18 196
29 100
90 187
46 162
102 145
169 170
3 180
27 200
51 183
7 127
118 171
88 99
145 162
68 127
54 158
54 178
7 192
11 197
59 136
4 96
39 200
56 173
115 178
11 87
51 171
120 139
145 159
76 139
118 120
47 119
90 123
152 170
45 81
141 181
18 188
13 157
90 163
94 108
54 59
48 64
21 42
168 187
79 107
104 134
26 172
184 191
57 60
89 95
144 168
39 112
108 188
23 156
30 131
83 176
2 7
95 137
163 173
26 200
18 140
66 107
163 184
149 177
139 158
118 179
63 87
19 71
51 55
143 196
117 138
71 166
33 90
173 182
1 58
86 158
47 143
38 54
5 178
12 180
9 174
158 162
47 75
116 126
21 131
100 114
47 190
47 67
12 191
84 183
37 188
40 193
137 188
47 82
21 133
101 138
23 33
18 139
9 31
19 151
45 91
4 162
47 80
14 78
8 166
84 98
124 200
22 107
73 187
125 187
81 152
110 111
24 36
46 103
10 57
6 136
50 91
49 170
46 48
53 107
120 152
25 111
58 181
20 118
29 87
98 166
50 74
67 179
89 156
97 146
29 69
28 141
7 59
12 185
14 66
34 77
110 138
76 156
78 97
44 80
54 136
57 65
111 130
100 194
127 135
32 182
90 169
49 87
11 91
8 180
43 161
39 52
57 188
81 128
73 145
21 170
166 195
24 187
96 120
59 128
14 180
58 114
5 56
26 88
83 86
118 135
2 59
57 162
12 13
37 181
127 148
65 164
74 95
43 146
118 130
65 136
47 130
134 198
13 90
51 84
18 57
2 152
113 142
30 158
106 170
102 191
98 160
77 174
25 100
68 184
42 150
6 163
82 161
39 164
34 114
116 133
23 135
59 83
19 31
78 192
69 165
4 152
158 183
104 155
5 46
85 160
58 195
36 49
88 187
78 194
111 117
5 171
53 93
48 102
125 137
108 166
25 53
51 179
84 125
67 136
36 154
39 168
107 119
30 63
55 173
4 21
98 142
25 36
42 52
14 59
2 106
5 136
3 83
77 194
25 125
78 157
174 181
58 126
55 107
20 87
29 61
106 179
66 180
48 107
53 123
105 173
39 184
6 42
27 98
32 175
6 92
159 178
45 48
163 186
38 104
56 75
43 113
34 190
6 17
14 31
53 71
86 199
100 117
41 125
55 199
153 190
87 167
104 140
95 180
91 102
79 189
24 84
46 161
93 130
169 198
106 128
79 155
165 190
49 105
43 186
16 140
96 147
122 132
91 93
109 168
41 114
88 92
169 173
147 181
34 87
51 80
55 124
114 194
81 105
40 89
65 107
43 130
111 135
56 114
87 118
96 170
178 192
41 79
9 185
38 181
55 112
20 108
26 89
16 193
15 143
91 162
99 128
41 106
31 93
11 57
9 95
33 154
31 147
73 195
48 127
8 9
20 134
73 116
64 117
33 188
65 187
136 142
6 95
13 88
179 191
93 147
11 29
9 115
47 104
49 123
18 42
125 170
12 143
133 172
108 143
24 65
39 167
149 183
174 180
15 81
57 85
68 95
49 141
22 134
108 113
6 168
31 136
133 161
62 136
173 195
138 187
130 159
4 173
130 157
6 29
93 190
87 98
18 143
34 178
3 186
49 95
65 111
25 97
70 102
23 194
56 100
56 122
93 107
102 128
103 187
80 145
3 38
93 159
148 191
131 160
27 62
45 57
35 93
167 187
4 156
32 140
10 188
119 168
52 183
116 150
19 75
179 199
47 120
54 175
63 124
124 146
92 132
26 100
89 177
49 182
44 116
83 110
119 158
37 155
110 167
18 99
143 192
87 115
6 142
44 114
72 83
40 102
10 168
186 189
50 81
23 149
88 174
143 181
22 181
109 132
120 140
189 195
28 140
101 117
180 187
72 95
9 169
22 155
66 171
3 12
138 181
84 106
22 71
7 27
68 70
89 140
110 175
38 88
11 89
124 190
7 112
26 128
5 30
87 155
128 149
54 96
34 125
84 172
98 185
32 51
38 51
66 98
56 142
126 153
4 64
163 193
33 166
5 196
30 178
92 185
9 134
145 157
7 80
19 93
45 134
173 196
27 130
35 65
30 184
36 65
101 198
17 176
5 186
105 142
48 141
15 86
14 67
78 132
57 174
191 194
11 103
31 56
2 162
53 193
12 100
57 100
48 200
7 153
2 189
157 200
55 130
182 194
53 181
30 140
80 171
74 76
32 142
39 54
134 139
100 107
51 124
126 141
69 149
53 169
16 128
86 119
1 64
32 133
101 178
45 95
66 185
71 126
81 106
70 97
55 162
69 93
2 114
24 115
86 96
49 168
18 46
71 94
11 79
168 171
35 186
94 125
24 119
29 178
3 133
128 129
9 119
109 164
129 180
45 136
168 189
88 167
5 87
24 141
31 169
78 114
27 175
46 174
42 79
30 46
69 100
80 98
5 81
101 172
33 156
12 122
30 106
71 136
45 62
33 94
164 194
182 183
138 195
36 97
64 190
85 198
76 108
101 104
128 185
143 153
139 163
124 138
54 176
122 161
30 128
47 107
52 80
71 163
7 36
16 148
68 143
113 195
59 114
69 185
86 118
46 76
10 164
138 200
62 139
72 107
65 89
95 150
146 173
65 99
39 101
46 199
6 115
45 131
11 41
37 118
182 197
73 151
77 165
50 64
121 124
115 156
47 89
25 42
4 99
85 147
101 118
42 95
157 174
73 150
4 115
50 175
3 190
26 175
153 161
7 162
107 165
54 114
82 85
133 135
63 76
127 149
137 138
56 120
91 119
25 52
67 199
78 112
82 108
21 141
2 15
61 182
85 149
84 194
21 24
64 140
49 172
50 182
112 139
96 132
103 161
4 11
52 195
140 164
54 141
16 98
83 198
17 45
20 163
61 157
21 157
15 127
67 111
60 156
159 188
37 180
45 143
138 174
5 82
69 163
39 192
3 85
72 135
1 186
82 86
122 131
5 18
58 130
20 106
122 178
3 194
23 166
170 182
38 161
6 16
18 185
25 123
44 134
74 178
62 130
115 157
13 26
128 193
104 168
134 185
92 192
56 200
91 168
71 148
44 99
54 72
60 176
15 124
125 180
31 194
18 104
27 128
49 60
107 148
48 191
39 188
9 74
56 164
1 94
28 45
65 106
8 24
117 186
42 195
103 166
109 191
64 127
50 171
124 183
147 159
72 138
89 179
139 168
48 85
18 65
69 122
42 67
58 152
18 60
14 106
163 176
75 80
16 88
3 198
127 147
58 71
120 184
142 189
24 38
97 185
139 192
97 167
32 106
126 130
103 194
40 160
101 119
65 98
64 78
61 119
39 163
30 191
62 90
100 130
86 145
147 186
66 78
102 173
15 139
26 181
12 131
156 182
160 192
56 176
62 81
41 128
1 196
160 181
44 75
53 95
40 188
7 193
93 195
127 184
137 170
106 115
28 160
127 198
10 85
101 180
20 199
25 196
84 114
19 107
115 199
96 195
70 154
39 69
108 150
127 151
78 120
74 102
66 125
129 154
145 186
13 74
29 109
25 101
5 160
103 142
10 144
14 32
61 102
48 195
57 163
20 175
19 148
40 131
86 178
194 200
170 177
45 78
88 152
51 167
7 157
44 113
60 64
94 188
23 146
32 45
45 104
4 176
16 19
115 150
114 136
74 75
62 64
98 102
41 111
14 116
167 173
3 167
44 66
64 67
2 9
24 83
41 146
15 83
151 197
155 185
139 189
10 30
30 59
1 122
66 103
14 98
5 15
63 171
46 194
119 193
34 82
28 127
7 42
102 113
113 181
7 133
23 28
22 185
2 30
42 54
9 71
141 149
32 93
85 96
10 150
125 190
135 200
157 184
131 169
23 49
124 176
77 137
70 156
55 150
75 139
57 159
1 17
146 165
21 83
55 95
16 115
16 85
114 116
60 168
96 128
72 198
10 171
26 102
64 182
10 172
112 138
56 98
36 134
67 116
47 186
1 109
91 104
26 71
40 106
31 161
36 102
32 128
1 71
101 108
67 113
37 85
131 145
140 149
25 147
111 179
181 190
104 199
127 158
73 141
53 120
20 157
12 28
22 47
20 70
45 199
5 14
123 149
134 173
102 122
83 87
12 54
80 95
93 118
86 191
118 190
141 183
86 125
18 178
15 21
24 169
76 115
19 131
16 84
76 82
55 110
143 179
140 152
129 197
110 141
50 190
34 61
116 166
14 161
103 162
41 57
74 189
27 107
54 109
66 117
108 154
131 134
149 165
57 193
34 153
12 170
39 72
142 174
131 152
33 117
76 87
19 175
40 166
49 70
30 168
144 199
94 127
60 69
70 92
97 112
76 90
6 154
67 89
43 105
59 94
67 176
22 156
71 169
151 152
129 165
6 63
115 126
69 72
142 153
40 82
43 121
16 52
110 176
55 86
120 133
116 158
98 101
116 182
1 84
20 187
86 176
136 161
52 96
6 156
16 80
84 164
11 115
1 150
87 188
158 197
106 148
93 112
164 175
13 89
13 181
195 198
89 101
82 144
2 58
60 94
25 48
27 59
83 172
7 132
89 185
98 184
51 163
51 121
71 112
8 94
90 134
33 60
16 186
71 131
70 77
20 181
64 134
85 194
150 191
184 195
141 157
155 176
25 118
47 50
19 135
26 119
17 178
98 178
129 175
37 112
17 132
129 156
55 117
149 192
113 188
132 167
26 58
85 158
71 174
121 153
32 138
29 190
107 137
16 97
13 33
30 44
122 166
81 133
105 151
113 143
95 151
22 136
127 154
97 136
6 139
8 151
88 116
71 195
75 93
57 112
27 172
73 120
39 67
81 186
152 184
29 70
100 129
14 197
34 98
10 73
17 38
49 80
116 137
48 166
97 181
20 156
29 126
149 184
124 195
133 151
175 183
3 138
23 102
1 79
128 174
84 146
29 121
4 180
48 181
2 142
39 139
119 162
54 177
12 61
157 191
44 129
13 174
95 120
15 159
34 71
22 85
108 130
11 50
45 135
67 141
36 89
163 164
71 191
62 190
9 16
63 151
89 191
1 37
51 63
6 85
22 162
96 177
60 148
28 56
2 74
75 178
1 144
147 195
134 164
142 147
2 83
183 196
172 191
6 131
42 64
87 90
47 117
18 92
73 119
54 94
96 173
69 126
135 139
59 192
55 97
38 132
16 75
80 200
97 188
87 128
69 170
150 151
8 110
72 175
83 180
30 80
77 136
114 151
119 190
14 190
63 197
35 195
64 123
10 152
19 40
54 112
139 177
57 197
133 179
61 139
181 200
52 104
80 191
128 159
38 42
21 149
27 156
15 60
18 168
76 175
66 148
168 188
11 42
17 70
10 75
72 189
26 53
88 107
82 140
1 160
120 157
145 185
72 101
129 161
115 159
10 25
143 165
32 52
39 90
18 138
180 182
145 171
2 143
56 82
85 163
23 122
102 111
57 176
39 86
142 172
86 174
14 76
39 68
41 94
125 150
48 139
44 57
67 196
54 196
38 130
91 138
47 49
93 194
67 185
96 182
36 85
67 152
61 117
158 195
23 97
57 63
54 195
43 101
154 167
75 120
29 175
68 130
27 50
111 194
103 155
175 178
29 132
61 125
30 139
82 157
46 94
148 152
19 171
93 141
3 25
73 111
2 77
23 183
96 167
93 189
129 159
78 174
141 182
140 179
62 117
32 185
88 188
167 176
47 155
73 77
36 111
20 31
42 196
176 184
140 170
61 130
114 119
128 178
142 156
102 134
78 119
65 144
192 196
24 180
5 77
18 87
69 155
145 178
13 40
13 142
19 53
115 181
31 89
73 189
66 100
72 188
118 160
68 112
48 162
28 145
60 153
91 149
69 113
140 194
27 99
47 150
47 164
31 127
176 190
127 191
23 37
43 133
60 166
60 72
59 123
13 48
18 21
37 86
98 119
122 148
151 164
96 110
33 106
187 192
85 175
73 140
9 194
27 84
104 191
32 72
137 196
33 34
60 122
32 153
26 30
23 153
36 38
84 87
13 42
84 124
3 121
62 166
35 111
172 186
96 142
134 144
121 166
120 163
31 130
38 120
47 159
29 68
105 113
57 125
69 180
1 85
5 106
72 194
93 110
110 115
64 193
88 179
131 146
65 166
49 129
34 151
117 173
54 125
22 128
13 125
74 130
40 63
12 178
41 172
56 167
66 132
104 108
48 96
121 175
71 79
111 182
55 115
16 136
74 120
21 184
19 149
43 70
3 111
64 139
132 169
116 178
24 153
129 164
70 128
111 166
77 96
14 74
17 22
110 120
141 152
192 197
73 126
46 58
33 35
28 157
108 119
111 136
6 186
48 115
49 199
29 137
64 86
157 176
14 131
70 85
96 179
7 101
19 83
66 184
12 105
43 176
138 188
10 149
19 102
8 148
49 71
101 148
46 49
130 173
83 139
26 69
101 161
66 143
30 58
26 126
25 102
89 193
123 167
113 199
88 120
20 36
6 30
67 140
23 114
129 200
144 157
19 98
79 132
24 105
80 136
4 151
1 200
93 160
151 174
128 187
27 53
59 151
62 89
46 146
156 177
98 130
166 173
68 189
10 173
40 138
123 142
143 174
13 164
55 66
2 149
102 115
175 189
87 120
80 180
26 113
17 69
20 174
6 51
108 179
126 184
13 112
145 164
32 44
98 173
74 113
53 166
48 152
79 163
3 160
172 195
7 190
83 85
148 193
79 105
79 152
117 161
20 148
31 190
41 140
129 188
56 179
27 149
49 196
132 171
96 166
1 113
58 144
24 193
161 187
91 117
58 64
145 194
58 128
21 117
83 114
6 173
51 182
19 91
20 83
32 64
140 150
18 135
38 154
34 91
65 90
92 148
8 77
43 125
100 162
40 149
59 188
3 171
140 189
77 95
90 165
108 199
3 63
6 91
151 161
5 92
54 197
33 39
21 164
88 190
102 183
5 125
62 185
177 197
56 60
32 47
28 73
95 182
25 96
89 108
94 187
82 169
55 83
95 194
166 199
125 133
15 165
13 96
33 170
14 86
14 112
106 193
38 159
79 116
31 114
1 133
75 184
68 113
104 151
50 110
8 129
118 194
94 189
114 185
116 138
91 113
11 114
13 153
80 132
115 189
84 95
15 180
35 191
67 73
162 187
19 153
105 140
80 181
17 41
94 168
65 197
155 184
10 134
25 65
146 187
107 115
112 165
62 191
78 127
96 135
10 111
27 71
20 72
34 90
65 190
145 175
29 171
24 131
62 171
17 119
7 51
17 156
99 187
24 79
82 192
33 45
108 156
25 93
9 153
94 160
87 99
57 118
60 173
6 122
84 131
154 163
162 192
92 183
66 70
75 200
10 62
137 195
71 200
5 61
89 104
82 154
130 168
83 128
42 186
30 190
28 84
43 99
75 190
70 88
43 61
26 165
51 117
133 174
22 164
35 38
17 62
44 146
42 141
151 195
33 186
140 147
181 184
161 197
30 111
121 188
160 191
117 141
103 196
1 185
94 157
34 42
143 184
105 158
126 190
50 138
21 192
70 87
46 121
148 192
18 27
138 199
10 178
169 184
164 172
156 160
11 28
52 136
127 156
82 131
45 55
64 69
158 186
13 47
35 83
62 70
70 132
16 62
8 29
8 165
155 175
85 190
4 27
25 193
28 72
145 156
89 141
164 193
40 151
47 116
113 136
63 91
20 24
20 117
25 152
137 163
87 198
131 194
14 80
91 189
21 158
8 122
156 200
12 49
37 100
177 182
38 92
6 64
112 116
77 184
30 92
39 84
20 129
145 173
74 116
22 95
54 100
77 180
129 186
94 96
87 157
142 146
90 97
100 196
113 140
18 59
76 142
2 120
18 147
20 104
53 160
34 161
112 114
9 49
41 83
46 66
90 175
15 93
36 147
8 128
10 37
99 107
23 77
9 149
109 137
180 194
20 76
4 157
7 34
24 143
108 180
121 140
34 137
128 144
88 166
131 154
57 77
152 173
25 148
4 43
80 165
16 171
64 107
94 122
106 176
58 197
98 174
2 165
7 200
58 145
63 159
101 147
89 105
105 139
17 140
12 38
33 59
85 90
8 124
28 44
12 114
4 120
144 170
29 194
9 100
61 174
97 118
19 159
53 191
46 47
70 119
3 182
38 45
87 170
121 148
66 77
28 165
113 171
2 89
136 143
119 170
22 55
112 143
43 86
87 161
20 57
85 159
23 191
47 76
61 165
152 172
149 171
36 174
151 177
76 134
91 112
79 117
106 155
14 28
158 164
74 109
7 13
131 162
104 171
83 163
11 142
14 140
106 143
151 169
32 40
44 118
1 154
42 76
22 135
120 177
41 115
137 184
68 197
32 159
35 190
120 173
73 85
62 72
20 167
30 147
35 75
164 192
36 79
91 134
29 50
115 145
145 158
111 169
4 116
7 155
97 114
43 102
139 187
21 156
19 115
10 38
18 199
31 87
5 145
68 160
39 113
90 154
33 52
79 191
98 153
143 180
11 140
119 147
30 32
50 124
120 165
52 175
90 194
31 107
69 145
3 52
131 163
22 41
4 182
8 19
68 131
70 168
111 187
164 189
123 154
94 178
140 200
48 73
124 125
16 164
108 132
123 128
132 174
12 20
55 131
76 166
9 56
37 153
79 162
2 170
13 37
9 99
91 164
16 28
54 101
21 50
55 185
82 173
23 66
31 199
40 199
95 190
43 187
75 108
64 91
30 148
46 126
71 197
37 106
38 48
105 126
1 141
59 195
38 112
161 168
127 144
37 78
55 180
76 169
97 113
6 109
22 69
19 81
107 172
31 177
37 157
38 114
54 93
17 189
37 165
32 129
24 56
12 93
70 144
112 124
38 72
68 141
50 196
52 167
122 127
57 134
54 123
108 195
111 171
23 142
82 190
32 173
25 50
13 184
60 80
92 128
93 137
50 118
57 144
11 53
26 114
67 156
7 177
34 145
10 33
14 25
136 169
150 154
49 103
91 121
39 134
99 171
141 163
71 141
177 196
19 42
17 120
131 136
138 176
96 189
67 177
18 159
18 192
46 73
17 180
41 168
12 51
13 169
19 99
2 5
107 116
127 180
2 187
77 120
36 198
117 168
52 196
38 177
92 144
84 198
51 165
57 172
48 71
138 191
189 190
26 153
34 196
131 192
94 162
15 133
84 133
38 109
102 192
26 179
66 121
80 123
152 155
128 192
12 168
109 141
26 94
90 102
119 166
19 190
72 190
84 86
33 158
4 56
6 137
26 191
114 140
7 19
131 161
4 154
55 101
150 199
29 35
137 144
124 198
77 188
18 122
86 175
13 83
57 187
12 182
109 181
105 191
73 121
131 184
44 112
126 164
151 153
132 179
76 117
58 127
114 118
56 85
68 155
26 122
156 189
85 193
10 156
101 188
59 109
55 182
37 57
79 126
8 28
26 185
60 79
20 122
103 108
30 55
132 144
49 109
29 189
115 166
128 148
37 117
3 94
91 141
137 198
52 55
49 89
19 43
35 144
11 37
153 200
117 140
114 156
25 176
50 89
109 193
75 122
75 112
81 89
2 151
87 154
58 131
108 136
6 8
104 180
133 163
181 194
90 111
44 105
151 170
60 104
157 159
120 178
85 185
7 91
1 46
88 106
31 116
15 41
101 171
34 164
38 91
63 200
167 186
107 155
75 180
135 138
86 89
29 113
9 109
40 42
12 137
89 153
144 184
28 181
109 159
93 183
50 68
192 194
77 141
14 154
48 128
38 87
79 167
179 186
107 135
54 191
113 117
128 197
59 88
12 57
15 26
85 104
8 106
9 167
53 151
100 199
11 106
66 127
12 103
54 55
63 122
78 138
141 151
64 96
146 199
10 20
158 184
27 52
50 151
51 146
122 179
83 155
6 48
105 199
48 103
105 197
29 185
51 69
23 192
117 142
51 94
105 198
1 78
68 69
92 159
20 37
24 190
8 13
108 147
138 148
146 147
92 146
39 190
39 45
126 140
4 111
109 135
71 193
130 194
130 200
70 117
1 136
107 190
7 165
191 197
147 173
121 147
88 192
62 189
61 179
1 61
40 56
175 195
69 85
153 163
76 159
50 167
165 166
80 167
75 87
13 62
14 79
62 150
26 31
38 178
39 100
44 186
74 139
24 145
67 74
51 101
117 170
21 69
8 16
107 160
21 183
8 23
160 195
20 52
113 166
71 167
70 79
119 125
4 167
153 185
36 54
147 163
8 173
135 178
9 140
2 39
103 188
61 120
189 200
57 67
91 161
22 90
145 160
53 192
79 143
65 84
46 60
2 27
82 196
104 181
31 95
46 97
29 196
4 72
51 92
34 88
124 151
143 195
115 190
83 113
139 157
8 102
52 160
99 184
22 189
51 125
69 76
25 46
130 165
178 199
107 125
173 190
12 17
26 160
48 86
12 94
36 199
20 147
127 192
66 173
25 178
56 57
97 194
14 29
190 198
107 123
66 112
2 92
129 195
102 124
24 137
20 110
43 134
26 87
54 181
30 81
80 103
70 174
105 122
55 73
5 89
96 169
107 110
76 200
105 160
63 130
127 177
66 93
96 101
25 58
166 188
120 144
87 100
16 137
2 48
34 94
52 169
75 154
61 199
20 195
144 192
99 154
14 48
7 90
66 142
69 138
67 72
45 60
100 116
83 116
25 64
123 139
110 162
106 119
53 56
9 120
15 106
128 147
57 69
7 115
44 65
61 86
113 182
75 78
118 166
8 82
22 140
25 161
14 143
35 87
94 173
53 94
115 192
76 173
29 188
23 129
38 89
122 130
39 150
123 134
139 148
9 46
35 154
88 97
123 184
155 163
70 147
120 155
46 184
6 77
133 152
21 168
52 166
52 77
154 194
12 95
46 55
36 53
12 152
60 136
164 191
153 159
91 103
60 163
50 98
30 135
119 130
109 176
89 119
153 170
63 82
143 155
180 196
68 144
52 178
97 98
36 184
165 168
23 108
1 69
94 191
54 113
45 59
69 148
21 90
105 193
97 102
115 174
28 118
38 80
30 100
27 113
66 99
43 124
75 146
159 179
20 141
170 179
72 111
112 191
16 127
60 66
76 79
78 101
132 156
34 112
75 82
97 182
5 74
11 169
58 142
131 133
28 60
106 127
110 165
10 45
62 128
41 96
82 163
18 124
96 190
50 73
98 125
16 139
12 167
66 104
67 80
180 181
62 95
48 60
158 177
72 81
81 111
98 152
141 146
106 116
91 176
49 197
80 115
72 156
46 148
22 126
32 164
56 74
57 107
126 197
20 145
172 180
74 200
100 111
69 156
37 129
51 195
23 51
35 41
50 99
6 31
48 63
46 107
33 84
112 173
83 95
162 183
38 188
9 96
164 182
25 104
160 179
35 104
52 129
78 149
76 111
57 168
19 114
144 169
4 137
5 104
66 114
121 123
90 162
49 160
15 65
105 154
124 184
9 92
129 196
29 182
137 179
18 40
126 136
55 170
30 187
100 165
30 61
12 92
19 52
82 135
15 78
1 16
110 134
29 63
17 32
5 150
48 80
54 121
113 186
131 188
64 152
158 170
68 126
67 130
39 87
90 152
12 127
60 144
107 191
103 195
65 127
95 114
77 173
131 190
15 167
115 196
78 81
30 165
44 72
104 117
82 184
117 179
80 175
43 148
16 50
110 183
37 200
82 141
29 103
16 168
19 146
98 191
75 145
84 161
64 183
18 158
101 166
104 177
54 98
8 33
18 174
49 56
134 184
22 143
99 189
5 172
6 103
110 186
61 126
40 110
13 114
64 177
1 127
6 170
93 144
32 38
75 79
97 187
80 184
80 189
90 186
22 91
63 67
87 163
134 160
16 198
132 195
81 183
46 71
4 189
144 160
28 199
156 173
74 174
2 104
119 149
113 161
17 79
64 138
103 160
15 164
69 144
110 150
17 85
173 185
33 75
76 94
18 63
73 165
30 47
68 96
180 190
23 175
26 137
24 175
22 96
143 191
28 76
74 187
89 187
72 119
77 133
99 183
9 106
3 120
47 127
38 59
41 166
146 152
146 163
44 83
40 183
25 153
70 110
43 65
111 152
29 154
6 65
22 63
27 94
16 103
24 43
158 171
1 155
135 172
28 49
20 192
6 144
70 89
37 183
109 142
107 118
59 126
49 55
43 75
90 158
36 157
70 140
140 157
142 159
121 161
33 122
87 102
113 165
110 177
18 150
22 119
120 198
122 156
57 78
87 110
152 178
38 122
127 189
124 155
147 167
35 70
157 192
41 58
15 109
73 173
63 166
158 188
84 178
60 143
57 108
77 93
61 148
78 91
66 197
125 142
79 149
130 191
133 183
124 129
27 181
5 71
124 148
112 115
17 75
78 89
36 72
13 53
74 182
120 122
33 200
96 188
140 167
91 197
21 144
86 129
98 118
76 102
63 110
52 134
51 151
120 191
8 162
124 126
48 153
22 102
32 118
69 179
50 65
194 198
70 163
13 137
54 116
82 194
196 200
60 127
14 149
83 123
140 184
85 177
66 111
56 139
32 92
40 115
20 132
43 192
28 137
47 194
75 81
28 171
81 98
34 194
48 184
91 111
111 122
67 181
106 133
18 160
96 133
62 100
118 174
51 136
52 71
91 190
63 100
172 177
12 78
68 114
45 71
34 70
14 175
78 137
144 149
91 105
59 113
56 94
17 98
92 195
9 189
64 142
75 107
125 166
164 197
120 142
19 60
41 162
60 140
22 68
16 102
21 116
4 71
6 13
22 93
9 41
101 135
34 155
4 63
127 163
71 102
58 69
188 200
11 54
121 127
63 157
68 115
142 194
134 199
22 199
79 151
97 128
8 145
4 184
76 194
87 145
117 131
44 149
19 109
152 193
148 167
40 190
27 162
69 137
22 118
61 169
183 190
18 37
79 96
63 133
103 175
39 193
52 111
117 189
42 178
86 182
25 113
27 56
59 82
20 80
61 99
49 174
57 181
32 41
11 52
144 154
89 196
115 194
56 172
96 148
149 161
128 186
118 136
83 186
68 169
4 81
176 187
30 188
44 179
55 102
78 131
77 130
48 176
46 95
11 19
58 185
51 196
78 116
106 112
25 186
14 189
1 167
133 162
13 103
105 134
26 82
47 172
102 127
8 152
111 184
81 168
73 96
76 124
46 163
64 100
42 45
63 111
67 188
144 185
117 144
178 189
150 179
3 78
129 140
177 191
82 181
176 191
132 176
109 179
91 151
3 161
3 148
128 160
8 36
97 129
68 105
46 99
125 173
14 127
7 21
62 158
94 171
51 83
87 175
100 172
80 112
51 140
4 55
149 193
127 129
87 169
124 162
36 77
34 95
133 177
97 103
64 82
119 186
39 173
82 199
31 68
147 169
68 80
89 190
106 153
68 170
3 143
79 121
138 168
33 70
63 104
35 178
87 176
69 174
26 51
63 84
13 65
14 87
45 166
36 130
49 64
12 40
62 126
136 152
60 74
70 169
176 200
23 89
96 174
16 61
93 138
80 155
79 148
127 141
127 139
94 99
15 89
61 136
49 162
61 89
162 168
7 197
79 118
128 180
48 146
54 60
102 186
59 187
121 172
118 128
32 176
89 117
129 167
151 166
100 115
3 24
138 141
51 111
45 186
59 65
56 87
18 151
124 130
91 94
8 118
71 180
31 170
42 194
25 54
111 115
37 73
37 41
5 11
11 105
8 115
84 97
36 112
30 150
93 100
116 190
66 189
42 82
56 169
18 197
121 194
46 86
93 113
185 186
7 99
47 61
52 170
52 168
80 163
32 100
19 185
47 69
47 103
2 195
67 161
34 139
165 181
133 184
85 146
6 133
46 150
16 64
62 141
61 124
32 95
52 181
32 108
130 193
49 184
15 30
33 44
12 63
83 193
34 50
99 117
50 67
176 180
107 185
51 143
6 90
44 97
108 193
83 140
20 188
57 160
81 84
31 158
13 126
1 57
88 183
21 134
46 147
83 100
22 196
37 148
121 135
98 107
15 72
116 118
42 199
50 153
27 40
97 127
79 103
61 155
121 192
4 33
134 154
12 21
3 36
97 108
11 35
29 105
36 156
44 147
17 164
44 171
13 71
15 168
53 162
126 137
119 144
42 143
51 65
174 184
5 163
78 146
121 137
113 174
66 119
163 189
70 172
95 133
47 151
66 172
87 144
18 19
73 90
68 154
46 152
97 163
73 164
113 116
14 47
46 62
55 62
33 193
47 152
11 56
10 196
168 196
15 75
159 191
67 195
47 83
60 162
7 71
12 128
109 165
45 161
22 127
33 141
36 81
8 58
115 170
57 171
72 86
144 151
53 121
130 144
107 138
32 187
26 64
77 177
4 52
96 158
78 177
24 94
61 87
150 159
92 130
25 182
135 173
115 165
39 157
88 131
49 92
68 180
89 109
6 67
60 135
18 123
5 130
70 180
55 58
138 189
9 39
22 186
48 168
41 110
52 110
62 187
125 136
90 105
102 178
19 136
125 152
27 79
111 189
91 106
66 192
89 97
63 191
73 127
83 195
104 197
72 97
147 193
80 141
11 119
54 137
127 186
75 85
123 156
72 103
47 169
53 161
2 33
59 119
88 114
59 112
41 69
63 136
74 162
13 124
57 86
66 159
21 174
15 146
49 158
13 34
65 93
44 123
98 112
5 65
105 146
141 197
68 140
126 173
19 55
33 189
5 120
82 185
76 141
157 170
117 176
26 61
13 64
119 161
29 94
105 143
155 188
28 172
6 66
35 123
9 27
67 124
185 198
55 76
74 190
40 156
56 77
115 131
99 116
23 83
173 197
92 137
69 177
139 154
52 64
156 186
80 152
102 114
41 105
28 58
23 125
9 73
160 183
42 100
82 174
73 156
7 29
22 168
102 160
105 177
157 186
96 127
82 103
81 110
30 146
57 175
14 176
112 186
77 197
95 138
20 176
72 147
113 121
19 178
161 200
12 171
17 59
45 102
139 146
7 73
144 148
80 85
42 148
104 170
74 193
10 185
15 70
41 87
158 178
18 51
45 128
78 184
128 176
40 105
176 195
64 162
63 134
38 107
46 102
97 179
75 101
40 161
109 195
21 113
31 120
23 123
16 74
22 151
8 149
72 106
36 71
17 60
75 90
98 135
18 152
129 137
132 186
13 93
113 115
11 82
77 89
8 60
28 53
26 27
41 177
14 20
31 131
38 116
106 147
58 132
93 108
48 133
113 162
151 157
110 131
148 175
2 179
29 166
161 164
99 149
39 128
86 173
158 190
51 90
5 195
48 79
127 130
37 127
42 130
10 121
52 117
1 28
30 122
28 36
31 112
148 187
45 195
147 162
49 131
146 171
35 96
141 162
40 70
132 147
2 193
27 185
33 136
150 192
133 140
66 151
62 173
104 188
56 170
124 165
41 197
64 186
48 169
3 35
75 181
24 40
135 157
71 109
48 138
76 119
68 97
3 19
22 35
125 139
78 111
82 105
7 23
11 67
21 148
112 187
156 196
77 175
32 172
104 166
96 137
87 135
65 67
145 189
78 108
106 149
11 73
135 199
135 194
100 155
78 200
104 127
125 140
107 126
60 161
72 121
101 197
36 127
6 165
48 174
30 189
34 66
95 113
78 86
28 195
35 71
41 167
79 110
58 95
94 150
146 148
125 132
54 126
56 103
4 150
34 176
30 120
133 196
9 190
50 173
132 139
82 142
22 108
23 64
87 89
100 142
41 45
17 151
92 100
64 159
19 92
4 118
38 160
25 60
46 181
54 143
72 144
39 137
15 105
2 81
31 184
47 54
67 120
7 58
4 124
147 160
72 161
67 77
76 125
35 82
139 200
89 197
83 173
140 188
174 200
37 164
150 180
53 170
110 185
5 157
46 154
7 120
9 72
54 127
89 94
68 79
99 148
164 183
34 103
32 69
22 198
138 151
5 200
92 133
16 101
141 169
46 84
100 127
120 146
130 163
95 191
112 150
50 106
56 117
44 45
67 90
8 73
112 113
156 170
116 161
8 185
15 137
32 66
84 137
53 104
97 154
37 186
41 126
50 136
34 35
75 116
52 67
32 90
30 33
88 137
64 122
189 192
98 182
2 156
10 112
47 192
116 165
25 183
17 90
100 110
99 169
153 167
57 105
61 95
15 154
82 111
103 121
134 137
37 65
67 198
119 191
137 173
36 95
41 199
40 49
115 172
87 136
176 192
57 64
122 149
112 127
29 60
49 91
134 167
73 101
97 198
13 120
87 105
39 40
64 106
89 195
15 144
169 183
20 119
75 153
66 195
68 87
117 146
62 122
8 175
52 199
7 66
78 125
68 152
40 122
129 142
75 171
9 143
24 200
30 132
5 119
61 198
49 166
79 183
101 158
24 73
85 116
27 187
133 146
37 60
52 109
59 97
19 193
55 191
1 199
31 57
115 195
98 161
35 139
149 181
26 171
32 116
169 182
71 150
26 32
63 146
81 167
111 185
7 72
83 147
31 166
101 200
50 60
68 187
192 193
10 136
115 161
111 154
115 171
7 171
97 149
101 164
46 50
27 73
34 144
84 162
137 168
75 192
41 186
84 143
35 42
116 195
65 157
97 147
32 157
7 57
74 123
71 171
4 172
84 121
164 168
59 194
88 182
8 112
2 172
3 144
89 127
134 153
122 181
132 138
28 46
27 105
151 194
92 162
92 181
43 183
52 148
79 108
98 172
42 126
1 115
5 16
150 196
23 57
56 101
125 127
44 136
85 171
21 179
50 178
72 75
115 148
141 143
39 196
61 192
54 200
13 46
55 57
154 159
91 182
64 102
17 152
18 91
92 149
106 192
162 196
71 84
66 164
129 194
61 189
12 181
130 134
120 196
67 112
64 90
24 140
58 186
65 128
171 173
35 39
8 45
47 74
131 137
83 134
61 92
36 39
79 170
24 85
42 147
132 158
16 66
97 178
62 133
92 142
158 196
7 106
27 177
18 78
110 191
167 192
30 73
18 73
110 126
25 156
44 140
81 185
39 118
71 199
128 190
43 79
7 160
19 22
102 147
105 137
25 170
10 21
83 168
30 167
94 176
150 185
141 177
77 181
13 23
79 141
71 154
20 94
19 189
105 144
25 189
48 167
175 188
88 157
188 194
26 133
94 103
175 176
7 198
134 151
38 143
35 101
159 169
112 195
129 134
123 129
18 116
67 78
104 176
2 50
77 91
70 115
26 34
58 162
49 62
110 122
186 199
23 171
100 156
28 162
1 112
66 198
45 163
52 99
53 164
27 126
106 168
41 101
72 151
11 40
15 62
108 142
135 152
28 116
82 164
18 141
95 131
7 16
19 141
30 96
151 162
111 170
39 85
100 103
40 150
81 154
63 65
71 185
63 174
23 75
66 129
51 72
51 189
35 114
10 53
122 185
24 166
31 110
8 157
127 128
100 113
102 108
8 22
23 132
105 162
50 188
36 103
21 32
159 189
93 163
123 189
43 53
14 126
23 138
46 140
26 107
9 32
63 79
9 84
51 61
22 82
40 192
147 183
100 128
179 197
8 197
41 145
39 156
11 153
4 86
65 148
2 188
177 181
39 160
122 123
106 165
64 167
157 180
126 166
8 37
40 113
100 104
12 36
36 64
37 109
106 199
105 195
59 67
23 196
60 146
50 80
93 97
148 150
42 168
99 105
49 100
3 130
148 169
85 196
72 122
108 187
8 107
97 134
23 119
6 157
75 111
124 143
108 145
15 182
65 181
21 62
58 116
146 198
57 192
116 159
100 192
7 89
86 132
112 172
7 49
71 119
30 98
114 144
25 99
45 192
65 143
77 90
125 178
33 78
29 107
48 163
32 136
83 167
29 96
36 161
59 173
142 151
9 35
9 179
121 128
107 157
22 163
5 141
9 45
100 181
4 87
25 112
9 10
159 170
58 140
25 164
103 104
24 51
29 62
90 178
123 137
10 190
119 172
36 56
153 162
1 56
65 155
47 160
46 155
109 199
38 200
50 146
19 162
88 135
151 156
133 144
66 183
99 191
7 55
55 113
61 180
29 64
21 151
84 175
10 141
152 159
29 184
51 75
16 151
89 171
34 133
101 179
55 157
1 110
38 163
95 166
91 99
164 166
31 188
38 138
39 176
71 196
40 173
61 70
48 50
55 114
81 176
73 110
102 198
74 93
57 89
15 68
111 123
114 165
16 96
88 113
50 147
8 195
53 55
69 110
93 158
42 92
1 176
161 165
11 21
16 166
3 137
29 75
13 182
109 134
50 84
2 62
102 151
87 140
20 93
80 128
100 171
47 93
115 123
166 170
15 58
27 111
36 163
44 122
119 198
29 134
63 172
172 178
52 107
24 116
108 134
26 190
66 144
162 195
63 156
44 157
135 150
65 168
27 45
85 155
1 195
99 104
112 183
152 183
129 144
154 171
82 166
79 174
36 113
75 162
90 143
142 162
8 167
93 142
77 152
80 114
121 133
44 173
104 163
70 146
15 111
99 112
4 149
44 109
134 157
49 130
93 140
55 61
15 147
163 194
33 99
73 113
59 73
131 139
51 176
68 116
27 161
5 72
13 20
160 200
106 177
45 80
78 82
76 121
32 75
111 161
32 190
59 61
50 131
34 52
98 183
86 135
98 180
61 106
6 83
190 197
14 184
80 118
19 54
33 187
3 179
73 131
94 117
61 156
83 162
92 138
54 124
175 180
65 185
23 130
109 143
38 123
59 186
47 115
91 180
69 111
51 199
91 133
159 161
116 196
103 117
9 171
101 132
8 174
54 74
34 198
28 119
114 149
182 193
95 98
121 143
89 167
2 64
121 122
68 88
101 186
163 190
1 5
36 90
114 184
43 73
31 77
27 29
8 57
29 89
73 106
12 146
136 199
50 176
127 142
87 180
23 106
59 74
129 178
9 23
5 39
57 103
2 88
7 154
33 107
116 164
49 120
36 142
59 92
32 83
137 189
80 142
111 158
5 9
8 32
7 94
157 196
29 131
2 166
12 161
57 79
84 190
53 135
55 116
53 125
157 169
93 162
22 83
5 180
31 45
105 119
91 170
82 136
31 71
22 88
14 139
15 36
38 73
9 34
29 180
49 139
25 137
25 171
132 188
31 55
99 156
3 109
162 170
7 10
195 199
21 142
16 152
17 163
21 74
132 196
110 128
39 41
21 97
106 180
16 105
24 59
35 194
57 104
95 132
98 175
28 112
76 105
8 61
54 198
168 186
105 117
68 83
51 141
61 171
108 152
53 77
75 183
4 60
16 41
56 123
4 109
18 153
7 116
74 171
13 166
158 166
20 135
52 53
102 156
47 109
122 129
115 188
123 143
24 157
154 187
146 195
40 143
38 49
29 172
13 140
36 173
141 167
21 196
6 188
19 132
61 77
194 199
112 142
27 72
104 200
58 170
155 164
43 91
100 157
179 189
26 157
81 142
91 158
85 136
35 122
128 170
2 147
131 198
45 181
61 121
57 182
74 169
86 185
104 143
156 171
129 162
91 109
76 96
104 107
88 111
55 88
57 128
138 156
122 163
22 176
170 198
97 151
10 99
120 176
3 173
20 32
79 88
20 168
133 148
104 112
31 151
13 30
48 199
37 55
26 131
108 115
144 174
134 149
69 94
140 180
6 112
113 127
174 176
53 143
62 178
20 99
44 153
102 112
119 157
42 140
47 70
51 168
71 146
100 106
37 110
91 148
6 11
5 115
88 172
28 48
125 135
25 197
39 126
125 195
135 197
4 16
7 110
45 115
95 186
22 57
13 160
145 147
142 148
5 192
12 188
31 172
13 123
96 121
58 175
57 131
175 190
20 102
50 169
3 71
29 55
87 200
124 185
11 17
20 130
103 199
94 146
52 124
59 162
93 104
67 153
35 141
1 149
80 82
20 124
71 128
91 118
24 100
48 55
37 92
30 62
13 173
157 181
82 102
44 85
42 109
109 200
46 193
36 44
59 63
69 71
7 47
11 157
39 43
50 192
2 18
111 176
164 186
56 174
95 160
113 196
28 81
121 157
116 131
33 96
99 181
39 125
171 172
55 128
21 87
37 197
17 184
53 148
95 170
2 63
59 165
151 184
58 143
21 161
54 161
15 55
128 175
59 157
59 60
98 143
65 92
20 61
19 68
70 138
84 154
86 180
21 187
79 120
62 76
6 62
65 195
93 184
107 109
75 100
38 69
165 198
17 194
20 78
39 149
20 165
38 146
106 117
99 140
37 133
3 51
64 103
34 174
23 86
3 79
49 134
24 160
109 136
44 165
111 120
101 184
32 160
110 119
3 42
60 76
71 123
32 54
62 192
88 191
38 156
13 156
58 190
69 112
83 98
44 101
63 123
148 196
24 127
1 77
47 137
110 197
123 194
26 70
26 37
20 101
42 121
154 160
83 194
55 77
154 192
104 133
52 133
42 69
79 87
48 171
11 156
34 179
80 169
5 107
23 190
83 152
54 134
64 114
4 103
37 162
28 41
188 189
81 132
114 182
2 67
11 111
55 70
45 129
20 49
51 59
129 192
73 81
143 166
57 184
79 100
2 11
23 91
58 110
91 199
96 163
47 98
168 193
41 194
21 103
86 141
39 111
36 66
173 199
45 82
25 106
74 165
4 25
30 180
36 106
27 75
30 172
126 187
107 130
64 191
1 106
26 197
13 43
49 137
92 155
19 156
20 194
67 168
28 96
3 75
54 106
4 35
33 163
22 97
115 164
61 100
64 156
97 162
7 136
94 101
53 99
26 81
146 174
84 103
81 190
88 184
53 157
33 169
43 164
74 111
34 64
25 37
36 140
107 199
86 121
136 188
19 47
56 140
24 129
103 124
71 99
25 26
114 195
1 172
22 171
6 93
59 142
19 163
35 180
16 63
17 87
10 50
107 196
70 90
104 123
6 55
176 179
133 192
71 188
18 112
62 151
155 199
23 113
71 78
176 197
15 136
118 188
12 73
54 147
136 179
147 190
7 24
11 48
51 58
35 176
26 60
29 43
65 200
51 71
148 165
123 186
50 51
119 140
24 35
18 76
116 132
58 120
142 171
53 194
24 72
28 39
92 170
68 129
83 189
75 195
75 98
138 185
90 121
11 12
118 158
66 165
35 88
83 151
110 130
131 135
67 178
163 195
38 195
21 29
66 169
66 123
50 94
116 168
36 63
69 131
155 169
1 174
43 140
45 183
83 179
96 196
150 188
184 198
165 199
142 166
63 143
141 159
10 67
47 184
13 111
15 115
49 179
19 86
73 166
