200 7985 153
108 -286 -308 445 297 132 852 151 961 191 872 889 -499 845 810 87 -201 -256 774 437 -297 -962 -911 -375 148 -4 -169 854 -433 -733 103 410 -31 16 840 890 848 -56 -982 -184 -735 37 941 833 -821 -369 991 858 -684 -162 49 -219 653 144 -2 -386 481 -131 -287 -653 -534 696 -447 53 308 909 -912 -908 -185 -328 -774 -345 -673 563 -655 694 869 155 -218 -244 78 -567 -274 -547 773 -706 557 -368 -632 -523 833 457 -941 -942 -805 429 921 67 -25 591 953 555 996 362 -373 555 -618 -964 116 435 -665 -856 484 402 980 -927 988 -176 -717 546 -949 408 -189 -537 -860 -646 837 435 360 257 899 693 357 -801 -566 -722 538 304 973 498 923 716 544 -998 -964 -923 568 -653 973 -791 -568 709 75 538 -853 326 675 -154 418 497 -418 510 436 430 15 -772 -73 -705 -34 -431 571 -306 -443 985 -19 -430 738 -237 667 112 -193 -609 8 -217 -122 -474 348 -306 -872 616 69 -609 722 96 109 825 -988 -420 -525 78
31 62
32 36
24 89
54 183
100 140
157 197
139 172
115 134
48 122
107 169
110 158
108 114
69 94
13 108
80 176
103 106
71 89
60 120
37 165
133 160
5 52
153 181
10 151
24 36
96 176
40 157
8 72
122 126
152 191
59 122
2 88
126 184
38 168
99 187
127 138
35 124
81 121
85 86
35 65
39 197
89 160
135 164
28 92
138 171
1 90
49 54
59 200
72 162
53 65
42 75
74 193
78 127
8 146
66 80
60 157
71 141
75 198
27 103
2 112
163 194
51 190
20 50
11 139
7 15
165 183
5 64
16 74
13 70
51 132
2 142
88 126
68 199
17 171
83 109
34 118
123 153
1 196
44 129
74 93
59 103
31 101
26 65
69 119
53 177
147 155
70 96
40 158
129 155
118 124
11 75
25 66
90 177
28 82
50 92
106 195
23 74
40 168
63 106
3 178
68 155
23 98
2 37
125 181
25 33
160 200
72 157
46 89
100 123
80 158
11 49
7 110
2 46
41 137
99 114
78 102
36 128
144 191
118 177
70 141
151 183
33 155
100 192
76 178
26 195
153 197
23 130
62 171
168 169
27 84
92 196
148 163
80 119
94 144
14 41
165 175
78 188
104 134
40 47
99 139
25 56
32 139
108 167
92 110
70 74
41 114
44 144
29 61
98 167
7 109
95 145
146 165
70 114
72 135
32 126
80 129
28 112
47 157
155 190
68 107
37 91
109 142
5 173
151 154
13 193
87 145
84 161
139 180
71 137
39 157
30 64
99 145
58 105
23 38
19 96
93 104
28 110
142 168
47 148
4 20
5 109
9 103
85 146
96 165
46 66
25 113
92 125
68 136
16 187
28 98
157 170
158 159
21 81
134 163
150 161
66 147
71 187
47 60
79 161
56 199
48 160
24 37
67 174
120 149
43 75
71 168
25 28
96 144
92 154
16 92
80 169
33 135
66 163
100 187
18 195
87 154
104 152
150 166
31 43
47 54
13 127
23 157
51 106
9 125
83 180
44 147
106 124
109 133
119 139
59 128
97 158
62 150
1 111
74 139
132 190
45 61
40 110
45 188
186 200
67 123
92 183
131 168
65 182
89 103
9 174
137 184
71 82
23 55
5 19
135 162
51 161
51 175
48 192
59 157
143 196
120 127
57 173
40 193
66 126
80 161
1 170
35 144
70 115
6 84
136 200
31 172
80 175
20 114
9 34
103 141
61 62
15 36
96 194
136 180
10 46
56 163
40 111
81 105
174 198
28 177
63 85
53 75
33 163
7 185
30 187
160 196
46 137
80 177
34 38
83 131
30 186
151 191
29 83
51 76
23 82
42 166
8 82
61 131
103 193
168 186
9 114
93 133
37 83
136 153
128 138
74 176
59 95
160 166
26 164
97 154
105 179
82 90
64 70
5 191
8 23
148 155
59 78
44 183
59 87
15 130
21 122
22 198
21 170
91 199
29 74
11 168
141 181
103 125
64 71
50 197
124 141
41 156
123 124
49 97
111 170
70 73
99 109
3 41
151 173
73 165
70 88
51 199
118 139
24 47
26 168
94 136
10 110
148 167
6 175
81 120
47 143
45 184
121 188
65 191
44 179
117 174
83 86
129 147
31 54
107 155
42 119
30 191
103 105
73 101
60 183
5 86
78 85
72 151
109 162
26 97
124 200
47 154
54 98
142 192
138 178
98 106
69 110
102 180
65 79
63 197
44 172
96 179
40 99
151 179
134 174
53 135
97 128
44 131
135 171
117 135
38 149
15 195
54 68
105 152
23 62
75 100
8 172
103 190
16 117
109 158
7 91
61 123
37 41
13 92
30 67
12 24
171 180
80 174
58 197
77 176
28 106
1 168
105 122
25 176
47 144
26 135
30 110
44 86
23 29
25 148
160 198
9 59
11 129
73 148
80 162
103 189
43 146
87 197
11 87
8 38
46 58
33 124
29 180
19 107
24 121
75 76
24 62
141 163
18 105
85 174
42 109
84 144
14 130
50 186
6 197
11 180
18 41
157 173
114 116
89 188
121 162
83 191
20 120
108 200
142 160
45 106
51 197
103 153
155 164
11 95
188 194
4 40
121 165
43 77
68 75
56 115
39 148
28 60
105 173
9 135
187 188
143 198
135 177
44 99
14 51
147 188
19 98
133 147
8 118
32 119
97 183
86 90
17 140
112 158
124 186
135 193
11 30
78 142
15 177
37 195
92 148
24 147
13 128
19 156
45 109
9 128
12 153
34 131
65 74
56 108
155 162
10 43
39 178
81 170
84 162
31 53
130 143
77 175
8 21
89 177
14 24
173 177
173 178
48 184
56 141
47 173
89 199
33 83
9 67
52 119
132 181
56 142
17 159
22 52
18 76
13 140
6 157
37 70
41 117
34 70
52 150
28 64
76 160
23 26
67 99
5 50
111 190
37 50
41 163
181 186
77 143
38 72
3 149
91 151
110 173
14 116
31 175
174 192
93 129
57 170
35 134
165 185
58 155
139 199
11 102
25 191
36 195
93 100
75 196
14 18
39 52
102 108
49 155
94 128
61 142
26 104
116 128
105 159
140 155
9 73
39 191
11 189
94 183
26 34
24 156
119 186
21 169
3 199
154 200
70 109
1 118
50 61
34 188
141 186
72 77
103 147
102 137
25 105
1 115
32 125
65 147
29 84
105 189
74 173
63 113
47 105
13 124
77 82
126 134
68 117
148 168
28 58
27 32
89 108
77 182
161 196
1 9
58 168
41 107
76 164
73 185
78 86
8 129
20 149
19 59
151 160
62 73
10 198
56 72
1 185
65 164
142 167
17 105
63 107
64 107
14 82
121 158
59 109
17 196
71 199
24 139
38 71
88 93
102 135
155 173
126 156
93 107
44 130
29 36
53 87
127 130
40 92
46 198
78 200
30 161
19 187
25 26
25 122
65 200
160 183
45 83
197 199
42 128
93 188
106 128
123 125
155 184
156 197
101 102
31 200
23 173
129 167
91 159
67 126
29 186
42 122
13 14
22 186
62 107
22 102
19 126
77 187
131 200
11 104
11 46
36 113
145 170
83 97
49 87
70 149
34 166
41 188
140 167
83 145
98 100
84 194
6 141
21 100
15 75
8 41
7 101
185 198
42 80
84 119
19 74
18 90
143 157
88 198
154 157
149 157
8 100
174 189
105 170
118 168
16 44
101 197
29 158
9 153
8 77
82 126
59 160
182 189
24 184
98 136
182 196
127 128
45 128
21 51
139 187
118 123
90 103
79 118
111 141
53 107
65 102
45 176
11 155
27 166
60 85
19 54
55 155
96 148
31 71
77 103
27 52
114 183
48 97
3 112
101 162
79 153
73 141
61 101
72 133
32 86
106 169
53 181
113 151
139 168
49 159
66 188
13 69
42 64
51 196
154 194
3 55
143 155
21 107
8 17
126 154
147 174
75 162
40 150
118 163
32 150
12 162
10 56
38 125
94 106
33 81
26 157
148 177
38 57
76 185
11 133
15 66
120 121
111 191
87 168
59 180
65 132
30 90
154 181
31 156
132 194
41 67
55 110
4 133
10 89
151 198
22 86
93 131
13 87
19 155
3 72
7 29
5 8
111 127
169 196
28 197
54 70
157 175
38 179
120 196
132 184
37 191
41 81
73 188
60 176
50 71
59 98
4 196
29 31
95 148
83 129
31 94
1 154
1 169
156 199
87 107
26 161
181 193
144 150
37 124
55 174
77 195
133 155
58 171
12 116
5 47
5 99
118 172
26 93
50 121
178 183
6 8
7 75
71 184
104 128
161 195
145 168
95 105
36 44
131 144
33 43
94 102
70 172
91 181
41 71
11 117
118 158
28 176
71 124
41 171
121 177
146 173
72 103
162 193
53 143
56 84
180 191
87 124
38 155
140 151
21 130
54 126
109 138
35 108
131 162
1 198
44 76
152 157
164 174
36 121
67 85
61 174
116 166
80 91
86 142
156 180
181 191
124 125
161 191
81 169
129 130
171 193
185 195
50 117
48 131
44 161
64 166
36 149
26 128
64 101
7 116
98 155
107 173
39 84
55 72
34 71
140 184
34 96
16 68
71 180
19 62
47 181
95 197
43 181
8 71
31 131
117 200
81 188
61 166
91 157
27 141
26 159
88 150
13 141
124 137
125 184
75 125
163 190
26 49
40 182
19 182
73 136
113 137
131 196
41 108
128 193
32 136
50 81
104 139
49 61
29 106
29 166
46 170
120 135
88 105
149 199
10 95
51 146
135 151
15 83
71 170
106 127
64 104
66 196
96 174
61 144
68 150
84 187
3 7
174 190
43 105
115 119
96 161
52 95
38 43
122 165
11 136
34 117
60 155
133 144
38 79
17 40
83 164
1 32
71 182
81 192
137 179
64 199
69 106
23 95
10 84
17 81
53 81
103 194
40 199
8 103
60 199
64 91
38 75
13 68
87 116
7 144
123 193
169 172
37 168
110 118
15 99
24 68
79 87
154 169
43 140
50 188
22 94
134 146
41 105
74 183
56 134
145 193
108 119
52 168
14 146
97 196
33 103
37 196
34 121
2 82
74 146
26 185
71 176
46 194
98 99
141 193
69 146
56 104
64 122
113 127
97 144
74 198
7 132
80 165
86 87
53 73
78 173
80 184
61 116
16 164
45 164
29 101
163 195
104 144
77 163
25 103
32 180
67 138
45 112
25 178
22 35
75 192
108 125
15 37
121 189
146 147
67 145
174 193
9 126
24 40
50 176
76 110
15 81
172 199
105 186
14 15
85 194
103 128
24 125
44 75
49 94
71 95
84 128
155 188
60 99
72 180
24 175
96 151
4 180
80 104
60 87
123 199
14 120
58 154
110 185
35 54
32 64
81 185
14 99
98 133
120 160
132 167
18 151
15 156
162 197
108 155
99 153
180 195
77 146
45 141
5 105
109 187
49 178
49 95
79 127
110 111
19 189
189 192
56 67
48 102
46 104
89 151
151 169
7 90
53 144
40 101
3 13
59 94
75 194
22 40
36 180
50 189
34 196
93 116
7 33
76 126
11 85
64 75
93 141
77 139
14 179
41 178
50 143
118 155
70 136
72 167
176 183
44 199
8 32
44 112
20 52
68 100
15 104
17 33
87 194
29 189
17 172
87 136
107 197
17 185
37 181
68 157
30 173
25 153
55 85
122 192
82 92
89 180
95 156
58 169
51 108
149 186
48 78
47 98
1 46
151 163
16 134
22 195
18 158
23 96
18 60
86 167
79 108
92 93
119 158
46 171
6 96
2 65
93 162
50 130
51 120
53 139
30 197
34 97
72 138
125 142
132 160
137 145
62 198
5 44
60 161
27 186
138 199
70 173
98 139
34 67
140 154
63 130
85 115
79 160
38 86
45 120
1 7
24 130
155 189
75 146
121 160
29 88
96 181
88 89
160 193
112 147
129 198
113 119
84 156
11 145
45 187
71 99
45 47
113 164
64 73
38 159
169 192
52 156
96 128
49 72
17 42
94 123
43 78
59 155
31 158
43 188
99 108
41 95
74 164
167 193
38 61
104 170
27 137
15 132
8 169
184 193
142 151
18 57
40 137
135 142
6 69
8 70
3 51
58 170
45 100
68 174
109 182
58 120
124 167
23 165
118 193
2 53
135 158
13 136
31 197
33 190
36 138
86 110
12 112
9 57
25 195
2 21
59 164
138 185
31 72
2 95
33 166
78 108
113 152
26 79
46 169
93 95
62 120
27 44
11 67
102 127
21 162
144 180
167 190
145 198
134 149
89 156
181 188
107 135
12 47
117 153
12 99
15 144
49 55
114 180
12 94
129 190
29 122
3 59
52 58
17 56
15 188
92 157
108 118
88 127
91 195
82 193
64 159
77 99
130 183
122 141
23 112
4 132
98 183
77 123
81 165
34 197
149 200
12 134
10 117
157 158
97 160
51 69
114 135
32 46
32 101
123 160
2 114
13 147
37 59
53 96
31 182
27 147
161 177
88 147
70 153
100 170
95 129
34 177
21 152
29 135
132 164
103 185
22 163
112 168
7 72
41 109
25 136
115 120
12 179
66 139
142 163
37 146
80 148
70 175
36 51
3 57
184 192
48 147
61 199
19 200
19 37
17 104
22 183
39 120
61 186
76 168
121 161
124 134
99 121
151 172
22 188
12 178
63 143
143 162
41 106
49 149
89 111
5 131
55 198
106 177
172 192
76 77
107 191
146 187
12 182
30 91
1 175
71 129
59 185
45 147
105 160
79 174
18 164
27 131
85 158
126 161
19 120
44 104
58 161
53 167
113 172
152 171
141 166
25 86
10 160
13 157
27 157
5 168
162 172
98 115
84 141
23 159
170 182
75 182
65 168
48 187
129 158
68 111
10 150
6 148
28 103
12 118
7 83
108 141
102 147
9 188
21 74
23 127
4 50
158 162
99 173
179 200
42 58
15 92
6 78
25 64
48 144
28 152
77 178
50 178
50 91
34 130
48 120
124 191
54 149
4 144
45 129
125 159
116 126
39 181
85 121
127 193
39 112
135 149
48 166
56 143
7 77
67 102
11 17
115 125
9 92
37 153
32 77
22 66
25 67
28 75
142 190
26 130
22 123
67 97
80 144
33 111
113 189
37 200
138 146
63 168
66 136
159 162
117 134
48 93
126 173
26 183
105 145
61 81
87 193
61 165
95 150
1 74
26 122
71 140
157 188
22 128
43 120
124 174
76 82
19 50
145 160
127 152
6 37
43 194
128 191
120 188
94 95
13 164
47 82
62 180
14 171
10 26
111 181
107 109
183 192
167 180
14 184
109 153
126 198
99 118
82 102
1 34
164 178
42 129
17 152
58 78
195 199
73 131
36 47
8 30
14 81
61 124
56 165
81 182
80 188
52 67
35 97
7 31
84 102
63 88
47 159
135 179
4 92
19 151
15 137
27 91
59 116
58 159
162 171
9 14
93 119
48 65
153 166
56 125
9 171
32 127
76 115
159 179
20 177
5 200
8 37
69 87
18 194
43 170
85 124
73 156
77 130
40 155
10 31
16 29
139 149
103 119
18 117
177 179
47 193
180 185
37 76
79 192
38 135
29 65
68 149
6 166
24 193
68 101
71 143
79 139
82 195
5 107
71 150
8 133
82 157
58 81
2 16
57 116
2 117
6 75
111 151
112 163
21 41
117 131
38 98
119 138
25 46
113 199
29 184
67 125
81 104
113 191
32 137
121 125
192 198
60 125
81 119
2 127
10 122
61 122
86 186
26 174
58 87
33 93
80 102
98 161
85 123
102 114
156 164
113 180
29 145
5 34
60 118
102 200
46 76
79 200
99 195
71 85
37 57
11 74
113 160
15 140
152 183
9 88
72 140
103 146
12 54
82 95
23 45
193 199
45 49
106 132
19 100
45 81
90 138
32 122
77 199
63 72
43 84
38 161
70 91
61 115
89 136
27 193
98 194
45 85
131 160
29 44
93 106
54 64
29 105
143 197
98 188
38 193
23 126
11 147
42 142
53 169
16 142
129 143
16 50
79 109
177 200
149 155
40 87
9 68
18 67
81 92
31 45
14 152
61 102
41 77
4 158
67 165
25 181
33 56
85 120
65 111
54 72
190 200
54 115
127 131
150 173
25 173
38 166
149 171
11 127
7 184
1 81
20 86
47 162
11 93
1 96
26 37
54 111
53 77
147 198
133 199
101 124
48 59
89 179
150 192
1 17
50 75
17 60
64 113
72 100
26 170
14 145
99 120
158 179
165 192
22 117
97 118
42 156
109 145
30 51
109 155
35 92
6 137
116 200
12 27
176 187
94 176
11 21
7 115
37 154
19 75
68 185
41 103
7 104
9 138
162 187
39 163
135 182
125 146
100 183
129 157
176 189
74 165
20 98
91 113
180 184
35 122
163 196
25 125
9 86
19 78
11 55
28 67
72 75
40 53
30 86
68 128
61 152
75 118
11 121
24 141
37 85
35 167
10 54
33 58
13 138
135 141
62 181
16 22
68 109
101 164
16 82
7 53
102 144
61 96
21 97
75 149
153 163
19 64
33 114
73 109
89 162
53 108
131 195
16 199
52 66
28 144
129 184
6 170
100 131
6 136
156 174
59 68
29 179
173 174
154 180
37 130
108 173
39 187
62 178
67 180
115 117
110 119
28 32
22 97
39 55
55 121
164 187
2 128
69 151
43 54
9 31
12 166
14 46
105 112
1 164
69 71
37 185
55 193
19 97
27 181
57 162
141 143
17 158
79 86
123 174
51 139
38 45
57 154
82 109
45 157
37 137
16 35
61 75
92 193
30 168
122 183
30 103
98 110
113 194
72 148
177 178
21 188
54 163
74 97
111 146
78 183
48 153
116 196
85 190
151 152
49 197
1 18
93 151
94 107
100 162
104 192
122 129
130 184
65 152
102 156
71 183
20 104
10 77
64 87
18 143
18 191
18 136
49 156
17 47
69 134
4 123
61 106
81 101
152 159
36 79
164 190
183 196
52 184
110 163
7 136
86 148
93 187
7 43
116 143
59 177
146 157
102 103
63 182
42 160
99 177
180 197
60 159
103 168
37 63
163 164
21 116
10 91
39 177
45 103
145 151
89 167
2 57
100 128
7 137
52 87
60 94
98 157
47 199
127 192
116 199
189 195
159 197
74 136
50 150
75 189
84 138
126 141
48 106
41 145
5 39
143 163
33 156
59 83
55 80
10 72
25 84
74 90
120 146
40 93
43 145
57 81
41 47
129 193
24 113
18 110
135 170
14 42
25 90
30 111
130 136
121 124
67 107
50 145
29 118
82 160
130 138
150 196
53 120
174 186
125 168
32 167
5 11
31 176
72 196
30 34
58 160
42 146
70 197
43 119
47 56
5 128
67 156
80 187
69 76
51 164
37 56
59 173
34 120
100 144
46 49
60 111
52 124
61 181
113 170
16 170
52 54
82 200
20 137
93 193
69 142
33 127
77 109
19 102
137 186
70 72
97 174
90 106
125 195
12 177
3 183
88 119
46 157
16 192
135 180
36 136
120 155
109 200
126 190
65 137
18 165
96 133
143 149
46 131
45 175
173 193
107 185
19 21
9 25
5 146
49 161
68 194
72 160
153 165
177 194
28 196
12 180
7 156
77 170
36 82
91 96
104 119
72 153
25 41
77 89
110 167
120 169
79 198
160 190
95 99
66 182
41 94
12 145
27 41
89 163
113 188
49 173
57 117
147 169
107 112
69 98
20 129
2 124
120 164
79 173
34 77
70 108
4 195
17 189
86 191
83 118
160 167
109 169
9 159
60 150
159 173
28 185
52 163
115 187
24 99
171 191
92 164
156 185
34 92
21 106
4 114
69 197
23 176
34 37
53 110
42 92
11 76
33 104
22 62
29 137
75 166
84 155
28 51
2 179
57 198
129 144
104 106
58 178
131 152
123 132
71 97
69 104
61 164
108 140
139 184
86 120
51 126
75 80
12 160
20 30
68 79
91 115
21 46
51 104
93 121
98 193
57 196
31 199
7 163
32 49
34 183
86 187
47 126
93 154
18 72
72 114
62 193
147 165
28 56
8 78
150 180
93 177
44 106
38 126
128 175
124 198
17 76
93 178
76 136
124 172
5 137
169 170
67 101
72 105
113 138
5 96
5 73
39 145
67 140
130 154
188 189
90 105
4 43
88 139
131 151
128 196
5 62
80 126
45 77
16 104
134 191
23 200
21 53
57 192
133 149
29 40
34 152
34 133
27 122
30 139
106 114
27 187
149 153
91 146
48 128
33 88
154 197
59 168
87 94
25 162
26 81
68 165
6 149
7 86
183 184
24 102
58 176
133 176
59 163
107 178
83 112
94 97
74 106
111 195
56 184
53 61
13 22
19 162
10 105
63 164
115 126
57 111
50 151
108 190
159 168
26 180
29 128
46 53
26 55
95 178
77 110
24 67
59 118
123 171
61 192
44 193
24 108
45 95
136 191
102 189
43 117
52 176
78 100
61 68
1 38
72 175
121 163
86 190
114 136
126 138
78 106
11 28
166 171
6 106
161 185
1 166
174 185
119 123
79 164
16 43
97 195
56 158
73 128
23 83
159 164
6 120
55 109
24 129
45 108
157 190
165 177
47 92
4 138
45 74
114 137
121 170
76 154
117 128
28 127
10 82
117 122
19 171
100 161
132 187
87 119
113 121
102 113
5 103
82 183
15 165
85 160
19 130
14 122
124 132
5 188
5 190
27 168
27 75
1 57
7 192
65 117
63 110
52 128
130 155
39 137
83 146
4 121
114 120
11 184
144 146
111 123
113 129
128 155
81 191
85 168
25 199
7 99
33 171
2 178
85 91
138 160
106 142
26 78
18 121
20 75
23 51
19 61
61 198
72 78
103 164
13 50
87 180
112 184
25 167
142 184
19 29
15 143
83 160
78 119
94 195
40 51
91 141
30 68
65 160
12 181
74 133
157 166
83 134
88 113
58 162
11 149
144 164
92 189
22 126
149 177
26 191
104 135
6 95
127 194
159 177
47 119
132 171
26 178
67 187
61 151
59 100
83 184
36 153
17 199
31 115
9 145
92 126
14 60
109 126
120 180
107 154
67 120
121 169
62 66
130 164
157 182
83 199
70 142
79 96
94 177
36 72
67 92
52 175
65 195
24 155
80 135
19 108
119 188
10 147
2 30
86 155
60 147
36 76
1 16
183 185
53 158
9 122
108 149
3 43
91 120
20 192
20 172
8 97
30 36
38 162
112 178
31 188
84 171
36 192
78 149
152 169
32 96
170 187
4 200
11 170
78 194
17 169
35 42
33 194
1 14
46 128
78 179
26 72
58 94
63 75
110 171
26 84
47 198
25 101
112 142
66 96
90 172
102 124
69 111
96 112
63 119
13 191
163 199
42 154
80 103
17 91
30 190
33 47
26 54
39 183
142 179
144 183
150 178
67 72
60 179
104 149
46 72
29 67
47 136
39 103
50 52
24 76
64 185
114 187
86 200
130 186
44 54
84 120
3 46
19 172
80 197
16 182
151 174
40 63
54 131
9 64
69 162
42 57
67 196
25 49
135 199
27 171
65 67
14 33
83 158
127 158
108 129
74 180
22 160
12 81
44 66
186 190
39 159
134 173
156 193
38 44
15 42
24 161
100 173
134 138
60 86
129 177
33 146
107 147
49 167
25 102
48 198
141 151
4 109
159 185
151 185
13 181
7 196
4 163
98 180
88 170
69 178
98 141
32 39
24 101
144 173
39 79
49 196
65 174
4 25
37 162
25 80
103 192
92 124
11 132
91 116
158 191
21 43
12 91
147 178
93 159
27 129
65 109
93 171
22 152
93 145
88 120
34 150
22 127
5 65
70 135
110 131
109 124
55 163
56 140
144 198
130 192
7 79
9 90
77 166
76 102
72 101
176 184
98 156
44 74
136 157
2 130
117 146
90 198
120 147
42 141
43 138
47 74
3 153
90 140
102 154
150 179
96 120
172 189
103 127
44 78
91 93
43 62
28 132
42 193
15 138
65 199
38 96
88 188
164 167
100 166
99 143
39 110
86 147
110 164
34 187
26 91
121 196
102 155
91 118
76 145
63 126
128 172
100 126
14 144
13 131
17 30
58 104
71 159
53 196
43 150
90 147
116 131
91 197
19 111
46 80
89 158
40 171
51 54
3 52
28 107
99 105
48 174
22 136
48 64
62 97
45 84
56 57
90 149
74 112
62 100
119 143
93 142
152 170
3 80
122 157
44 165
47 81
74 175
19 194
38 197
46 124
123 173
50 142
145 147
4 157
194 195
144 176
90 133
96 178
35 55
171 190
76 142
75 91
68 98
3 85
21 186
95 152
130 171
35 130
17 53
6 80
2 105
30 198
162 195
67 96
119 133
43 63
9 133
88 112
173 181
15 150
119 120
6 73
167 170
31 142
113 144
3 73
153 177
5 165
100 157
39 61
115 143
32 178
129 187
37 189
61 88
26 112
33 80
166 182
78 174
112 182
130 168
86 128
74 107
82 107
8 166
101 104
34 65
35 179
5 172
3 42
38 83
43 115
109 168
33 195
78 193
87 178
87 92
75 156
131 198
59 124
90 190
45 79
7 37
40 146
103 180
52 86
15 113
102 176
20 126
61 163
80 193
117 190
63 169
39 175
163 198
65 73
151 166
53 92
154 155
4 169
20 183
75 79
74 122
144 186
55 199
173 194
139 154
106 153
77 115
10 157
13 65
120 181
94 156
35 39
156 171
46 61
13 72
121 198
52 174
168 200
155 176
58 180
58 74
47 77
19 142
37 138
46 158
92 105
44 158
82 161
61 168
103 124
49 105
162 167
46 155
148 193
20 130
80 190
70 167
70 137
86 94
15 183
84 179
104 194
37 110
2 193
105 138
66 171
19 140
155 194
121 146
70 111
83 94
90 129
52 93
7 157
77 106
105 199
24 83
17 102
24 150
49 158
85 183
23 57
67 161
11 59
125 157
73 144
43 103
104 127
111 163
27 51
53 134
17 110
10 83
7 71
16 45
9 115
194 196
72 132
72 197
52 178
150 190
129 159
64 181
73 75
8 85
174 195
63 96
127 177
89 110
74 114
10 152
108 191
61 183
121 154
10 179
81 194
169 181
54 158
79 115
117 139
58 158
47 76
2 19
44 135
33 97
80 93
8 29
106 176
22 124
82 199
114 174
24 199
34 84
35 116
16 122
160 173
147 200
6 122
21 141
68 192
8 14
114 197
116 189
115 136
89 120
70 162
176 178
53 179
8 171
50 129
51 156
107 177
65 161
8 189
53 64
93 150
56 150
55 167
2 26
150 167
64 137
42 145
33 154
13 20
50 106
122 133
84 127
138 162
51 154
132 166
69 186
63 91
43 134
94 147
62 84
112 133
81 134
9 41
77 137
124 130
25 51
26 121
18 35
80 178
66 114
61 137
18 144
15 180
74 152
81 168
16 90
5 124
137 173
1 44
176 182
129 137
58 92
99 200
18 146
15 185
192 197
20 68
66 86
135 194
7 135
105 141
69 107
118 122
46 87
58 172
63 132
110 134
65 177
80 151
10 127
120 176
36 41
100 186
15 76
108 160
130 157
82 142
95 98
65 138
47 106
25 42
83 87
153 179
131 194
17 24
68 73
165 194
32 54
5 180
151 157
73 195
53 142
5 102
25 97
15 44
120 189
139 175
108 170
28 169
47 108
17 103
74 116
39 155
65 146
70 81
83 107
1 10
106 148
138 145
64 78
16 66
90 189
1 121
25 112
17 62
42 62
48 178
111 115
8 11
58 145
122 150
66 76
40 68
90 165
72 92
18 127
19 198
97 188
49 59
182 190
41 91
23 177
86 100
68 177
45 174
102 126
145 183
11 161
122 167
86 188
84 101
40 60
53 118
109 111
24 27
44 182
115 161
3 16
158 185
118 159
81 140
22 158
108 153
13 104
33 186
38 136
127 200
73 169
26 196
77 79
18 56
16 131
44 145
52 112
116 125
45 56
120 154
108 197
34 63
82 175
104 158
77 111
124 193
49 199
43 184
69 163
162 182
120 137
149 191
119 172
51 110
21 196
86 168
133 150
158 167
11 179
181 187
15 88
15 86
144 185
109 121
58 135
115 130
26 132
82 138
99 193
36 161
129 152
121 197
124 183
41 166
128 173
128 135
143 169
10 75
110 113
41 143
49 181
7 60
3 8
26 76
53 57
178 197
25 186
26 175
76 198
26 149
90 123
98 123
94 100
18 166
21 157
50 111
138 142
81 98
64 193
14 43
14 108
57 141
36 168
59 196
14 117
10 28
92 113
35 129
118 190
112 125
151 190
25 128
106 181
44 156
98 200
130 187
114 119
14 52
82 83
126 183
157 161
106 138
115 166
43 183
58 97
56 58
138 189
29 156
91 125
116 135
133 173
75 161
42 125
105 148
29 175
118 195
3 200
75 101
49 126
77 138
3 15
115 145
69 72
30 160
37 182
111 180
42 140
73 200
10 119
52 142
5 30
120 166
7 65
61 92
31 161
41 179
59 113
170 171
77 121
107 132
19 70
144 171
23 69
10 36
78 191
66 73
142 197
130 200
148 182
32 117
31 135
48 188
36 173
49 141
15 115
44 95
49 106
138 148
128 177
74 102
22 134
4 89
56 86
79 135
25 169
1 13
74 151
40 175
29 123
29 69
39 180
42 106
108 151
71 153
75 157
38 39
119 142
43 182
127 196
44 114
72 80
57 160
37 172
28 145
58 165
3 111
110 183
93 148
42 54
124 149
110 186
138 139
20 62
38 106
90 127
62 169
76 83
17 83
138 151
45 122
69 100
82 177
15 175
141 196
34 173
66 181
128 129
110 142
27 195
5 77
168 175
13 115
133 157
24 88
32 140
69 139
104 140
114 146
52 114
98 170
54 79
83 149
102 128
22 129
43 131
121 142
78 103
10 185
95 113
58 127
86 182
117 154
37 116
158 174
31 122
169 179
38 105
130 159
1 30
115 140
28 160
24 34
142 147
31 65
86 126
96 189
17 108
103 175
42 100
125 172
96 123
20 102
93 137
38 111
46 153
111 175
31 37
21 88
5 174
33 187
84 113
32 144
6 194
104 150
2 149
184 191
110 148
7 186
14 17
115 156
10 42
152 163
124 144
30 133
35 126
2 27
137 185
125 161
99 179
34 56
96 100
53 88
39 152
109 139
31 112
35 157
64 89
47 171
124 178
111 196
122 142
165 195
103 135
19 88
137 162
37 42
28 62
134 154
45 161
4 115
92 200
18 150
55 166
51 56
126 180
27 28
36 124
25 185
54 104
6 41
35 131
151 162
76 84
60 180
88 186
42 155
194 200
167 175
8 79
164 179
54 150
12 48
56 169
76 108
55 186
15 67
87 98
106 158
11 103
17 178
75 136
19 33
35 128
69 81
19 40
3 64
10 135
3 93
115 193
32 99
118 183
21 95
184 196
133 141
124 160
90 194
137 200
97 153
102 146
127 174
3 144
17 18
64 120
19 76
129 135
76 188
21 32
54 184
64 184
2 67
16 181
163 185
65 135
54 185
27 165
15 17
11 144
128 132
32 43
103 113
31 164
12 187
12 88
166 184
41 173
6 79
163 180
37 78
64 66
91 127
61 179
19 117
49 131
80 107
45 191
58 126
25 132
32 157
13 110
90 163
163 165
63 128
69 118
177 189
110 147
53 173
61 126
74 141
9 13
73 147
2 136
21 64
92 136
3 84
46 166
22 76
148 194
48 123
64 200
65 145
39 140
87 184
82 198
130 176
10 197
6 127
25 146
81 195
155 193
81 99
94 122
77 125
1 130
73 182
36 54
60 194
49 66
3 177
63 187
23 81
21 117
62 164
11 47
155 168
139 162
20 96
48 148
198 199
155 175
161 181
60 166
50 82
97 190
50 107
19 186
152 178
71 115
164 189
19 32
7 49
64 111
109 196
41 44
54 101
134 172
54 62
102 152
28 31
62 94
18 147
82 173
48 191
9 65
61 138
70 181
97 175
22 147
153 169
99 184
123 141
139 140
131 135
59 73
69 160
17 117
67 186
17 50
2 32
92 190
10 68
92 95
121 130
12 131
73 95
113 123
44 108
123 168
83 125
38 62
150 200
114 164
23 110
26 69
29 199
4 153
105 143
172 200
130 133
4 155
99 146
67 189
37 103
170 172
164 191
112 119
91 149
87 147
84 90
2 165
4 131
100 116
50 87
2 106
58 98
100 114
112 196
33 132
46 174
97 149
78 161
18 120
65 75
61 169
63 152
23 166
24 112
39 170
25 159
72 199
82 130
8 187
22 109
52 88
95 144
53 157
40 91
150 198
69 90
97 100
140 190
60 187
25 65
41 187
57 84
9 160
127 153
66 145
41 83
14 155
29 193
66 72
127 159
189 194
5 20
154 177
97 132
131 156
126 179
87 152
176 193
134 169
23 115
43 68
17 127
63 147
11 71
43 161
141 183
139 194
47 172
132 149
45 69
28 86
130 158
84 164
96 102
100 111
60 136
127 195
12 59
29 153
65 128
85 116
144 167
30 47
4 55
81 96
62 158
39 74
39 182
44 82
69 82
79 84
56 168
24 61
75 130
7 30
101 150
4 145
149 194
32 162
17 85
65 87
56 172
119 157
114 186
44 197
164 197
1 143
121 192
53 129
93 200
157 195
73 86
5 33
50 70
38 74
43 93
24 93
57 95
161 190
26 95
57 133
21 36
122 128
82 88
77 160
128 182
52 71
107 175
109 141
32 80
48 103
71 92
10 58
84 166
18 129
10 109
85 172
63 68
117 186
6 97
46 55
49 71
178 190
2 52
94 108
15 90
71 136
144 148
16 106
62 157
39 95
98 166
23 77
96 140
71 106
29 102
71 118
73 90
56 188
4 142
26 45
138 167
60 102
186 192
40 116
63 97
83 132
77 173
77 140
73 152
145 146
6 146
41 58
153 190
60 124
147 187
39 107
42 97
41 49
36 166
17 37
14 70
37 126
39 46
97 99
10 169
107 119
33 133
95 171
113 128
50 89
66 144
39 49
30 80
87 126
6 152
24 133
42 114
134 198
53 70
9 51
38 101
5 9
43 164
51 157
15 18
30 114
155 172
26 119
2 41
42 118
71 174
46 162
112 187
73 118
145 194
9 172
152 173
15 62
139 198
168 194
40 134
72 168
80 128
117 162
129 182
45 140
103 116
47 93
184 195
126 146
35 127
36 122
80 105
123 138
33 173
44 80
11 88
83 193
57 185
150 172
92 128
169 193
90 196
135 157
66 156
25 144
4 104
8 48
136 170
77 162
15 163
95 196
25 100
22 168
18 71
191 197
99 138
82 101
116 152
37 93
48 57
29 38
71 110
47 123
2 151
79 99
71 103
154 170
22 68
125 197
113 171
84 132
88 167
37 164
8 19
47 134
41 153
2 163
79 158
97 165
59 172
108 181
66 169
126 181
8 134
67 192
102 165
26 163
157 192
76 119
51 160
1 197
165 191
22 180
35 159
42 81
33 167
179 199
160 185
160 184
86 164
30 124
16 36
127 176
109 185
32 135
14 26
26 120
6 153
154 167
51 116
59 143
92 99
99 112
52 101
9 39
41 85
35 120
16 147
140 173
4 99
19 49
161 198
146 153
133 151
1 93
122 136
89 100
135 178
57 129
38 196
162 168
22 200
157 160
90 167
141 195
99 147
143 185
27 33
130 149
165 200
97 98
39 82
24 127
85 166
112 113
160 165
33 101
34 132
106 163
4 83
124 170
49 142
13 134
7 178
30 70
3 159
39 168
182 192
85 143
62 70
30 176
57 186
37 151
56 139
95 191
84 147
110 146
34 98
40 149
10 41
119 145
59 147
139 185
105 146
107 165
115 151
115 160
72 136
23 46
13 194
82 119
5 185
77 141
13 21
5 178
67 90
17 144
126 189
38 40
67 132
106 168
24 115
45 178
26 36
37 192
75 124
65 93
196 200
90 186
101 142
46 82
178 187
44 153
28 199
62 96
57 200
178 192
130 175
80 131
62 106
140 185
119 122
5 154
96 125
29 33
34 148
13 91
175 181
72 195
57 105
6 58
56 182
30 174
170 185
124 179
82 159
7 66
2 102
110 116
138 157
114 134
109 135
16 168
96 141
4 178
6 138
28 154
117 151
1 151
92 169
59 127
12 136
12 190
74 126
51 172
66 170
146 151
78 132
43 56
3 174
24 80
20 154
112 150
56 189
66 183
42 189
71 111
28 137
12 186
62 173
63 81
84 140
49 125
70 147
36 116
39 119
8 105
119 175
16 125
133 166
21 86
55 173
24 195
52 165
12 106
6 38
120 142
83 127
65 173
68 80
37 90
14 177
146 154
37 102
32 182
49 57
93 130
87 125
104 120
14 192
10 30
105 196
37 46
3 71
68 158
6 198
130 177
23 60
20 151
129 169
11 165
44 53
107 131
6 110
1 12
94 153
127 161
48 54
57 85
17 147
34 89
16 159
32 164
20 162
86 97
62 139
35 174
143 151
99 122
39 117
35 63
12 174
2 183
12 23
102 161
28 76
49 194
35 162
99 156
137 160
12 138
31 160
90 150
105 180
146 166
70 106
163 169
94 101
19 158
56 80
48 173
101 179
7 64
38 171
4 199
3 27
98 101
66 134
108 144
69 113
117 182
83 96
11 40
149 173
7 88
1 77
11 82
28 142
28 108
11 158
36 141
108 157
6 93
10 50
48 61
38 188
189 193
17 149
105 147
75 137
21 29
110 189
16 188
16 165
10 133
26 101
57 71
175 194
16 132
19 166
141 152
10 49
68 144
14 138
12 110
106 111
55 200
70 104
66 142
3 28
35 185
46 99
8 110
21 197
21 28
70 138
58 125
9 21
63 118
159 174
66 113
121 167
90 131
29 59
2 147
70 194
40 83
63 84
14 114
137 190
28 41
173 195
68 143
62 85
30 60
10 55
58 195
164 166
44 151
47 160
5 43
98 197
157 186
9 107
161 165
82 163
59 70
74 187
24 135
38 148
107 181
23 97
123 191
186 188
31 170
96 150
17 180
126 187
124 180
53 76
15 117
15 118
138 154
21 109
18 161
20 88
41 139
3 184
39 106
125 188
98 125
5 70
25 35
33 199
26 27
21 69
57 123
181 182
76 80
154 168
127 183
77 161
56 187
34 103
72 99
14 66
93 161
88 146
44 92
52 125
173 198
53 176
151 156
135 176
9 132
35 194
75 155
98 109
124 162
5 48
144 197
112 195
167 179
93 97
92 94
65 66
27 153
92 153
139 176
15 23
100 148
81 172
19 179
113 156
125 129
77 200
143 179
72 189
37 134
26 165
70 87
19 67
95 149
61 111
79 143
73 123
102 139
100 175
181 195
16 97
84 121
29 168
43 118
72 95
110 199
88 172
116 182
123 147
23 155
103 115
89 189
94 161
92 191
18 44
53 171
74 199
11 14
147 196
63 179
103 173
7 69
31 174
45 137
9 101
50 167
61 156
58 156
73 87
62 111
38 181
145 195
36 150
27 123
15 198
46 167
81 178
17 80
140 143
74 83
25 104
12 132
46 200
31 173
70 143
93 105
69 102
97 182
106 131
117 185
62 113
139 193
62 154
93 110
10 53
119 173
151 168
75 141
23 156
15 97
108 184
11 112
106 199
46 62
58 143
80 85
67 69
90 134
97 125
82 180
168 172
4 194
13 177
8 175
29 108
66 89
105 129
114 161
117 124
43 104
25 55
60 80
119 127
85 173
31 163
95 97
75 111
28 96
25 57
75 116
59 149
53 63
2 188
152 181
45 190
60 178
20 181
20 147
171 198
71 116
92 177
112 134
69 70
50 137
16 152
60 162
64 178
17 43
80 166
1 126
96 99
28 33
29 77
80 183
86 149
69 158
130 194
94 111
18 172
123 129
56 137
49 133
131 166
21 90
10 196
123 177
86 161
86 118
15 54
30 134
19 147
81 86
169 197
17 79
133 146
34 61
2 78
124 173
39 150
82 141
16 58
55 70
108 187
77 183
26 152
42 71
21 27
62 136
32 124
102 195
68 195
72 89
61 150
146 174
35 76
95 154
59 64
70 139
28 54
71 131
61 191
79 91
4 128
66 79
46 115
2 101
25 147
86 192
56 94
17 97
65 124
167 195
67 83
130 161
79 194
124 127
129 164
83 186
137 176
106 194
1 80
4 130
62 74
12 82
139 182
11 187
50 199
92 117
40 196
47 62
31 38
135 136
59 148
8 131
121 141
137 144
27 36
46 168
65 104
108 132
60 182
172 187
158 200
95 114
9 37
75 109
64 115
130 178
56 59
64 108
127 172
88 128
69 136
124 188
31 185
141 179
119 163
178 198
108 179
88 102
46 97
142 174
38 109
7 78
1 140
84 94
117 196
3 121
12 124
9 77
150 184
19 180
139 161
150 154
100 145
62 184
87 112
3 14
44 116
62 127
11 137
15 65
186 197
6 199
164 192
64 82
73 163
21 73
72 102
119 124
27 175
14 170
59 176
66 164
120 134
82 97
22 104
22 121
76 112
28 170
93 167
131 133
82 151
46 183
1 191
95 184
9 24
17 111
93 101
117 160
152 167
139 192
8 160
53 180
5 16
52 109
6 12
53 84
36 42
67 93
54 180
81 103
63 82
95 124
18 171
88 178
4 7
99 162
17 179
84 92
156 181
122 182
119 193
190 192
39 149
101 109
50 103
33 143
132 133
139 186
22 58
37 47
91 105
28 125
177 198
8 149
96 139
85 89
90 130
88 110
19 41
35 140
156 169
15 89
133 143
1 25
164 186
41 87
49 130
114 175
73 172
55 153
18 148
7 180
39 102
72 147
97 108
51 53
22 170
36 127
11 73
132 180
23 90
181 198
133 152
13 24
112 197
188 190
119 125
20 128
170 184
8 200
7 152
115 159
66 116
51 117
52 181
174 188
177 186
38 176
147 186
155 169
99 197
52 147
30 180
73 143
158 169
20 198
4 64
24 181
3 172
22 43
44 98
87 123
131 184
94 126
65 123
94 142
42 132
95 193
121 184
133 161
1 97
161 176
58 114
170 198
96 130
46 165
87 129
23 174
95 110
64 141
46 177
8 66
180 187
26 88
100 133
177 196
5 80
126 158
2 81
153 182
77 90
54 186
40 176
64 142
46 105
36 134
37 163
1 181
141 187
137 177
105 154
50 79
24 49
45 152
154 162
13 82
7 124
42 56
84 188
165 188
93 132
161 197
80 86
35 46
7 67
141 167
52 173
86 197
27 98
159 200
101 157
34 167
75 78
13 106
52 78
122 139
62 77
4 198
14 67
89 130
122 191
2 76
47 196
8 183
55 182
67 188
13 19
53 156
54 103
79 159
32 103
65 110
47 89
34 195
22 55
49 157
99 124
71 128
32 123
8 125
134 141
67 114
148 188
12 193
107 193
126 185
90 143
2 157
44 90
46 192
102 117
24 178
51 147
46 78
56 91
51 72
85 138
59 72
78 140
20 178
19 86
120 167
64 161
140 172
36 194
36 90
37 44
45 65
109 198
84 118
69 189
15 101
31 40
40 197
137 141
14 20
30 183
1 65
5 184
14 135
19 191
3 87
35 148
38 69
55 114
87 165
4 81
127 180
88 153
69 140
34 184
65 154
115 199
28 164
72 82
73 116
31 117
36 178
41 169
116 190
51 60
81 167
38 84
2 40
77 118
51 93
3 11
48 90
25 171
48 62
186 196
14 21
76 179
161 194
66 195
27 148
79 128
46 122
20 195
26 109
2 31
86 130
57 158
22 108
43 122
61 87
140 156
68 110
108 193
55 146
15 139
118 199
18 112
13 53
102 178
49 103
117 125
155 165
13 55
121 128
2 103
21 108
111 158
57 96
9 32
2 55
130 173
7 89
3 32
10 29
78 169
33 82
162 183
137 153
109 199
8 52
105 137
72 190
54 159
106 150
123 133
37 43
63 175
21 132
94 162
59 184
27 56
35 123
7 45
56 119
166 183
24 45
14 22
105 135
15 193
150 187
18 181
30 135
92 140
39 121
29 54
158 180
86 171
47 152
29 150
31 179
68 148
32 148
116 165
31 126
104 200
117 171
64 189
112 194
112 138
46 176
139 152
55 131
66 166
18 157
40 52
69 93
54 137
108 120
62 104
53 91
56 131
19 38
1 107
31 74
43 90
69 156
96 108
123 181
100 194
158 184
24 42
38 144
7 154
104 147
58 121
163 179
92 156
72 107
44 107
57 73
30 82
52 137
142 161
118 176
137 151
130 153
33 189
65 187
58 100
53 66
55 140
156 161
17 26
7 85
44 60
43 163
16 17
74 101
50 158
126 167
149 156
50 101
5 167
27 87
92 104
152 168
51 81
52 153
113 197
105 177
74 81
142 150
26 137
147 180
4 58
93 144
64 114
93 190
81 160
6 187
66 98
5 126
99 106
8 75
4 68
65 84
44 192
72 144
36 188
4 137
27 83
23 68
7 122
96 124
23 34
29 47
68 171
134 144
13 27
41 168
32 185
11 115
127 185
23 71
138 159
5 95
95 140
14 90
7 96
58 184
103 152
29 174
15 109
123 156
66 148
15 82
18 118
74 82
52 166
47 176
178 194
15 32
86 134
69 112
57 102
140 166
4 87
99 134
97 156
48 183
14 181
57 70
9 69
43 76
73 83
14 47
22 73
134 161
90 195
70 190
73 154
95 190
105 140
19 93
152 172
90 175
31 81
17 126
107 195
109 166
89 153
21 175
40 106
5 161
34 60
18 84
93 152
48 110
18 40
20 71
53 83
86 105
154 172
49 151
7 117
43 158
2 171
43 192
124 175
93 163
48 171
86 116
19 68
139 142
36 69
158 186
57 150
65 159
167 200
99 174
2 17
9 29
96 121
80 110
65 94
43 151
161 169
50 67
23 58
9 150
31 66
126 164
17 22
23 27
25 137
160 175
88 90
94 148
80 99
61 194
25 91
78 82
138 182
151 161
18 190
13 47
161 171
94 116
57 193
116 163
62 95
11 123
69 177
164 195
16 119
122 154
6 163
88 187
77 147
128 181
2 138
118 175
1 82
25 83
22 51
5 81
49 137
53 94
33 53
128 187
41 136
68 172
103 166
3 77
112 131
85 144
74 143
24 90
90 132
14 87
94 137
15 151
2 25
102 132
6 45
41 48
25 196
9 111
78 114
64 94
5 7
16 24
14 127
5 84
92 180
56 109
93 134
1 48
78 180
30 102
48 176
132 150
26 115
168 181
40 61
170 180
197 198
71 127
77 159
15 141
91 107
123 134
59 75
65 69
22 95
40 115
61 170
59 141
69 171
21 91
42 137
5 18
2 175
163 189
38 50
130 185
65 120
20 191
42 182
6 72
96 98
86 117
149 180
3 96
47 133
113 147
17 174
89 135
125 166
117 180
85 188
125 167
13 98
46 160
27 160
62 122
18 149
62 195
135 166
43 94
104 165
30 61
88 176
121 144
87 91
20 74
109 183
108 134
82 89
55 113
34 75
142 154
123 194
62 135
98 148
122 175
32 78
64 147
86 145
72 154
34 100
119 136
27 89
36 48
55 119
53 150
68 104
110 132
44 64
19 34
34 69
55 183
83 179
105 168
60 200
73 119
129 132
64 195
44 84
55 154
59 97
7 134
129 153
144 169
27 55
80 101
118 167
34 94
78 144
29 70
39 109
34 193
79 132
157 181
17 69
93 164
161 182
30 154
50 120
102 115
79 179
19 153
23 190
22 70
71 94
87 187
42 188
98 153
69 144
86 93
100 168
133 169
101 180
85 132
16 34
81 171
127 143
110 128
10 173
71 188
126 193
40 188
25 95
16 193
45 96
114 200
4 33
40 184
76 162
89 114
85 114
42 186
83 152
39 72
53 146
37 109
29 197
85 94
79 107
3 168
56 196
69 182
131 132
34 157
51 96
57 83
93 96
19 22
112 115
58 138
69 132
124 156
2 83
100 182
150 181
14 198
47 137
127 151
112 172
123 126
63 171
106 170
54 123
94 157
11 44
79 189
15 26
60 105
141 144
31 108
60 117
23 119
92 100
31 144
8 144
42 61
121 133
136 150
103 187
32 181
48 67
105 155
11 39
1 136
23 143
97 168
156 198
49 179
45 156
14 115
31 129
51 179
143 191
20 156
129 161
54 91
103 126
34 112
83 168
27 54
20 53
154 179
1 87
136 161
168 191
77 142
51 165
69 167
114 157
32 158
99 129
127 175
110 179
120 182
6 19
2 7
9 56
20 77
160 176
132 192
142 200
56 156
86 169
3 97
21 23
119 190
143 193
61 98
15 189
46 50
142 180
18 58
56 145
36 131
127 169
33 79
33 140
11 196
136 176
132 145
115 127
32 133
23 50
172 186
18 141
46 98
45 46
6 92
100 125
55 134
8 69
118 136
40 49
4 10
116 142
21 136
153 192
96 134
151 153
76 151
60 158
36 139
150 189
3 30
35 133
82 172
3 196
105 195
25 182
18 91
147 157
25 111
83 148
14 93
61 146
55 66
34 144
44 175
133 162
7 68
57 113
69 152
62 123
95 187
83 136
133 179
117 187
30 94
86 104
72 170
96 97
104 180
82 135
6 90
8 140
128 176
49 171
63 94
113 149
18 122
76 181
45 180
37 184
31 47
85 187
67 195
40 181
150 169
50 182
73 120
110 143
151 175
102 167
29 30
42 187
15 57
9 117
63 157
63 102
59 178
58 137
43 189
117 178
125 194
103 169
20 58
118 188
51 123
4 76
63 103
78 147
32 53
39 60
37 197
47 174
50 74
1 6
6 134
142 194
112 157
16 144
137 193
51 122
149 187
160 168
95 128
1 148
152 154
25 129
67 121
103 172
58 152
29 127
43 124
125 158
78 129
24 159
60 181
52 133
9 119
41 180
12 25
20 85
55 108
20 135
189 197
136 194
8 122
39 78
34 110
58 188
15 87
135 190
20 185
43 111
84 103
11 63
64 168
48 119
146 182
21 165
34 136
27 151
17 183
12 74
142 162
54 200
54 166
131 167
7 24
39 54
28 74
5 17
68 198
34 185
16 33
126 129
8 26
32 152
86 195
36 102
130 131
115 168
37 72
78 170
171 181
116 123
148 166
13 36
105 117
72 128
36 93
59 129
127 164
30 155
40 74
79 151
11 131
46 127
26 156
48 73
187 195
93 180
104 131
98 182
86 95
59 69
22 26
161 175
102 170
10 156
116 161
64 182
11 171
21 24
4 191
17 20
3 10
61 128
86 133
45 50
66 99
100 200
53 95
149 196
46 152
92 181
72 139
13 23
182 191
21 98
78 101
34 194
63 136
11 18
48 104
45 179
22 36
198 200
58 134
14 123
38 133
100 129
90 185
185 188
46 135
63 176
145 191
15 69
27 111
33 90
6 59
47 175
18 162
38 55
28 87
34 151
27 140
117 163
104 107
90 157
7 12
92 138
35 137
94 180
88 175
129 165
74 125
35 95
28 121
17 86
127 187
108 163
80 142
46 86
40 200
127 136
65 107
89 116
37 169
17 154
11 83
35 62
49 175
63 174
60 175
119 153
95 157
143 177
71 104
59 153
54 86
22 34
6 135
49 56
22 64
111 116
88 122
141 177
111 112
19 119
3 139
76 91
145 161
82 140
67 164
27 108
125 200
79 124
7 92
36 130
29 90
192 200
70 145
29 119
61 153
9 89
103 134
69 138
25 29
104 183
39 147
42 135
12 14
10 161
88 117
152 180
61 125
128 167
79 193
40 152
36 196
76 199
12 73
62 199
149 188
96 159
24 85
41 177
52 61
72 145
6 49
32 81
7 25
80 159
46 47
36 158
12 148
127 178
5 89
33 150
14 149
66 67
48 50
165 190
63 181
45 139
120 136
67 160
20 123
113 117
24 100
40 122
10 73
110 144
22 138
60 189
29 93
87 156
82 164
54 134
62 149
6 18
99 192
59 145
98 147
26 64
24 120
46 120
33 121
150 159
15 16
114 155
27 143
104 143
21 145
50 138
17 54
9 66
74 184
56 164
23 79
27 117
79 134
119 198
6 133
24 44
1 28
70 158
136 177
4 61
96 187
4 179
85 182
136 193
101 146
180 189
13 132
179 195
77 169
117 172
125 133
166 192
128 136
140 168
6 178
88 154
58 185
41 185
44 48
128 151
83 103
68 200
41 200
116 150
104 195
54 93
55 188
60 142
44 120
8 180
73 145
11 122
17 124
66 152
16 23
57 112
28 175
91 189
34 40
125 179
54 170
42 108
73 197
104 117
18 123
38 140
56 93
21 75
50 149
75 120
87 111
10 25
108 164
36 46
78 164
76 78
80 164
48 161
136 151
52 169
8 80
105 125
24 196
125 174
6 28
96 126
57 187
3 179
58 86
95 132
30 42
56 138
26 176
80 127
32 67
125 149
100 156
16 69
126 137
38 89
26 133
167 168
161 173
81 118
16 123
71 149
49 124
75 181
80 112
141 178
5 170
29 112
154 192
129 149
17 100
162 175
34 111
12 114
53 149
35 132
5 94
100 141
34 129
73 183
19 192
113 177
121 138
49 195
69 135
66 102
156 191
120 199
76 109
92 107
98 181
139 169
22 67
46 102
15 170
63 129
97 114
6 42
132 188
24 32
14 35
92 160
8 141
27 162
56 198
20 113
143 153
64 153
34 128
103 157
3 62
21 78
103 154
60 91
28 194
104 190
66 161
17 58
6 115
67 70
106 147
177 184
85 102
158 197
60 141
97 197
54 189
113 162
62 67
30 112
53 138
51 115
167 198
29 142
31 103
46 114
82 146
55 63
37 92
23 145
27 183
11 181
119 194
2 194
107 198
71 145
66 128
15 122
45 93
89 132
1 125
97 112
93 155
75 134
80 124
45 91
49 110
45 166
85 97
62 191
32 179
49 152
49 163
175 197
91 162
70 97
99 101
37 155
71 113
67 158
16 128
59 105
106 172
5 104
20 140
25 70
92 165
81 115
145 178
166 175
3 9
23 80
78 111
171 186
115 177
52 149
48 107
12 53
119 191
9 98
92 173
98 195
26 39
81 175
143 192
62 121
129 186
136 139
2 181
133 171
109 190
63 78
138 175
130 147
3 18
13 73
128 174
39 92
134 160
17 87
32 200
171 172
39 186
2 182
18 89
101 192
65 116
50 59
146 185
161 184
66 95
33 153
13 58
103 177
46 172
112 192
25 193
16 145
125 140
49 136
8 115
120 139
111 148
56 129
56 160
28 193
3 6
34 91
53 130
121 129
102 131
26 131
98 128
99 117
7 119
57 118
30 66
42 98
77 119
135 192
126 132
152 188
135 200
106 179
15 21
35 149
20 95
47 86
63 108
2 198
100 177
2 13
17 39
83 115
76 122
81 138
120 125
101 134
88 181
148 179
108 158
111 164
83 200
31 143
24 171
67 118
150 151
53 80
46 151
93 135
50 194
115 180
112 129
57 115
51 178
77 116
90 128
177 191
94 121
1 193
85 195
49 193
107 196
121 156
25 88
3 105
19 127
134 180
34 172
3 131
61 141
112 165
28 158
15 135
26 169
4 94
44 163
29 121
91 190
23 129
98 164
26 125
121 181
187 192
24 198
106 110
3 118
71 155
73 191
52 116
14 91
109 147
38 82
33 49
39 101
131 181
36 105
96 142
5 183
88 180
124 151
138 174
41 78
137 140
35 51
91 132
182 183
133 188
91 156
41 142
33 175
132 200
16 194
82 121
127 129
50 109
179 184
4 149
80 114
71 76
42 138
54 168
29 43
82 133
52 85
78 83
157 180
37 131
13 100
23 186
24 200
13 67
64 149
5 12
69 196
80 137
30 37
159 171
1 47
53 62
70 174
71 146
42 68
122 140
31 150
66 90
79 170
100 101
83 195
39 114
21 140
25 59
20 132
131 177
101 195
8 135
80 88
84 97
116 132
92 111
67 170
146 156
9 28
66 109
33 147
14 110
130 179
36 169
87 95
12 161
105 197
1 78
95 121
143 188
15 112
59 119
88 99
122 174
12 196
5 93
30 45
95 177
42 192
6 167
122 200
66 124
98 146
91 137
33 78
192 195
130 142
97 127
9 95
79 146
176 199
7 128
111 122
14 168
73 112
27 76
99 128
144 184
45 80
54 87
79 93
111 198
36 108
35 37
30 122
12 51
58 166
55 185
40 131
5 37
141 158
179 190
55 61
116 149
63 115
88 161
35 59
56 60
109 179
83 113
115 186
22 179
19 91
76 131
99 130
17 55
37 114
164 169
48 130
87 118
38 173
124 196
10 107
79 123
74 190
4 86
37 166
152 187
128 168
103 140
25 163
155 171
39 146
139 163
79 167
31 99
23 85
106 117
43 166
18 152
24 188
110 160
3 161
42 113
90 118
57 156
17 157
91 112
36 157
127 142
41 65
143 180
20 145
23 103
160 195
43 180
52 151
78 151
11 172
72 84
93 143
67 77
147 197
179 193
47 48
25 121
34 119
64 116
109 136
53 74
84 89
40 136
1 155
35 78
148 161
43 129
163 182
151 193
29 187
95 125
30 69
1 67
47 117
90 160
105 188
35 57
46 134
45 78
109 191
121 174
121 179
97 129
130 163
132 170
3 150
7 98
112 180
161 188
3 147
8 127
112 164
14 106
138 179
85 178
107 115
55 171
27 152
11 199
150 168
46 79
62 129
135 187
59 77
2 148
34 186
83 197
10 137
36 53
175 184
88 95
81 197
3 154
19 87
131 163
137 175
79 182
89 190
83 128
81 113
16 60
165 178
3 76
44 178
187 193
64 144
10 21
145 153
82 127
60 89
66 200
2 135
3 106
24 86
84 104
17 166
34 52
102 184
3 103
40 88
107 167
156 194
79 196
145 162
59 92
57 93
66 71
76 127
10 167
2 164
51 135
123 169
16 171
46 77
142 176
97 102
9 42
91 198
101 127
164 165
68 131
70 198
14 74
5 141
44 117
47 51
96 163
111 184
80 147
114 199
30 31
38 77
86 176
176 200
24 63
18 75
78 176
20 184
49 165
30 140
2 104
138 164
58 133
145 197
130 165
131 154
88 107
85 162
88 196
58 90
38 199
56 62
154 174
141 190
73 103
147 191
27 119
40 153
130 169
14 182
183 198
38 141
19 71
33 136
101 169
86 108
18 36
45 134
86 89
4 5
84 105
158 170
19 185
180 200
55 147
86 198
77 128
51 170
13 155
59 131
48 142
141 142
48 56
171 195
57 163
17 46
114 194
7 168
56 148
191 196
48 96
155 158
66 83
104 169
58 129
57 139
38 189
75 127
43 144
16 158
3 5
2 159
104 142
174 191
30 77
35 200
64 148
17 156
20 56
74 138
56 95
25 37
21 164
166 189
30 85
94 155
171 189
130 152
88 164
42 164
40 97
116 134
95 160
10 175
77 134
69 149
51 112
51 184
91 122
20 37
104 182
47 125
11 57
96 105
84 193
51 130
122 130
3 155
29 49
36 62
185 196
165 168
69 181
133 159
138 191
103 186
19 36
42 158
31 145
82 129
68 162
110 169
92 130
110 122
79 101
45 90
156 188
78 182
34 161
19 190
89 174
90 152
85 106
31 58
85 92
67 98
49 177
120 128
6 179
155 161
28 124
71 90
178 185
73 122
54 105
66 104
13 57
106 121
18 51
90 139
132 147
94 99
144 153
27 65
137 196
14 124
6 183
16 183
13 182
105 158
73 162
15 126
116 174
73 178
73 149
9 58
86 158
67 149
14 111
46 95
29 41
43 185
83 121
117 127
1 174
133 134
85 189
50 196
112 124
38 67
107 141
138 141
97 111
49 75
1 105
96 197
140 164
103 104
27 154
163 168
10 90
30 88
4 16
74 80
146 149
15 25
158 193
151 159
20 61
135 185
81 181
6 173
80 149
149 174
171 199
108 192
42 183
118 121
188 195
104 199
14 156
49 174
23 168
57 144
19 92
128 195
31 79
100 108
3 181
11 192
32 33
12 36
104 178
45 104
145 167
45 167
56 65
97 181
82 152
10 178
81 132
81 83
97 177
122 179
153 196
10 162
56 117
96 193
39 53
10 128
47 79
114 185
23 47
9 121
71 158
74 104
15 162
58 65
70 200
14 54
115 153
40 50
94 173
54 181
54 96
76 100
137 174
81 108
16 63
32 109
4 187
46 57
36 70
8 196
29 81
88 106
108 162
149 182
117 166
66 87
81 102
56 122
46 144
61 154
141 161
90 98
26 116
6 142
15 179
29 185
154 195
67 144
16 111
108 172
14 196
3 185
112 198
66 110
53 72
58 111
120 130
81 196
115 144
125 135
42 107
36 97
34 76
48 158
66 151
12 189
14 126
156 167
25 31
125 132
41 157
20 196
51 105
62 176
57 177
59 86
3 38
30 46
19 105
92 170
11 98
53 193
39 98
128 143
4 143
50 110
25 50
61 89
86 172
4 129
37 176
37 51
37 136
18 114
65 112
10 67
45 68
30 74
19 178
42 85
151 167
80 200
88 91
140 177
24 60
51 83
23 195
20 70
101 122
99 148
103 176
98 130
25 133
28 63
119 192
67 142
166 172
41 160
170 190
122 146
103 130
37 128
24 197
67 169
28 45
22 153
49 144
146 181
163 174
92 143
25 73
18 140
40 54
59 146
33 142
77 83
39 89
117 121
127 163
89 184
103 120
35 191
75 177
19 52
78 199
80 191
104 161
115 164
68 181
30 83
31 33
115 165
23 148
7 195
84 175
136 159
98 124
68 161
162 184
51 166
115 155
122 170
60 68
3 114
51 138
28 83
78 146
40 118
4 30
46 113
122 123
78 196
151 188
74 194
13 161
105 162
43 154
101 114
69 99
7 126
119 187
5 76
57 60
82 116
50 51
148 150
2 75
153 183
84 134
21 68
28 104
9 187
22 71
39 63
23 128
98 185
159 196
13 195
119 154
78 150
3 182
83 166
31 159
108 194
63 142
75 163
25 165
109 176
38 116
13 130
13 168
148 183
131 161
162 191
80 185
181 189
48 109
112 152
68 108
30 159
100 137
11 35
82 108
65 86
69 79
4 46
45 110
140 189
31 132
66 158
58 177
84 180
56 101
93 195
127 173
180 196
55 124
191 199
26 198
106 166
20 64
129 179
60 88
61 197
15 160
97 193
138 163
15 80
31 84
107 144
35 99
81 159
119 126
71 154
54 169
61 93
110 195
71 192
12 121
149 190
47 101
173 191
35 150
11 100
11 128
11 80
92 135
24 187
24 52
2 58
94 186
46 83
136 152
170 174
135 140
81 187
145 155
131 147
26 200
138 190
75 173
45 123
29 177
116 173
84 189
31 35
85 176
23 49
138 150
124 166
119 171
36 155
148 190
42 162
135 138
24 164
58 164
9 178
30 55
72 91
6 131
14 200
75 115
58 141
21 147
17 77
68 189
30 65
111 169
125 134
8 153
183 200
97 104
8 159
110 197
39 108
13 61
18 115
17 65
152 175
59 161
33 119
13 16
135 184
15 136
45 117
117 159
3 70
30 170
35 69
178 180
68 187
117 189
1 63
134 182
156 158
157 163
2 119
55 82
11 54
78 125
47 50
3 36
85 108
49 91
25 117
70 189
10 16
23 91
38 115
14 62
73 150
55 99
35 94
13 88
48 129
62 81
114 171
49 169
158 171
39 51
26 29
23 193
99 144
54 199
73 126
52 104
18 183
47 192
88 151
117 161
31 107
31 154
108 196
14 125
42 136
165 189
4 164
145 163
5 75
9 17
10 191
93 102
17 188
56 128
94 181
128 133
60 168
136 164
81 136
7 102
73 114
77 95
88 124
35 158
9 136
13 176
117 123
171 175
68 184
43 69
135 154
35 172
85 117
69 84
160 180
5 90
102 111
161 199
8 197
89 185
18 25
69 192
73 84
51 94
50 139
24 26
23 86
76 95
107 153
46 140
41 174
112 132
35 40
39 142
11 34
1 153
6 87
44 186
114 143
122 147
67 127
1 187
85 119
96 157
13 113
98 178
99 102
62 144
46 150
7 52
44 68
84 152
161 183
107 189
134 150
27 74
59 96
19 23
13 76
118 120
84 197
7 174
128 171
27 116
16 56
128 144
120 162
144 166
25 115
76 200
90 121
29 87
67 166
114 165
88 155
55 76
85 154
36 145
54 124
14 83
74 118
13 183
101 159
18 82
59 93
68 89
87 106
48 163
88 140
74 78
76 152
28 78
11 190
3 53
129 180
42 131
43 196
44 56
20 121
34 78
34 164
134 175
73 142
6 99
54 153
46 141
136 160
31 86
86 91
10 158
100 110
92 162
46 74
188 191
99 196
86 143
43 114
57 101
152 200
104 109
47 110
60 149
47 71
171 183
57 97
103 132
105 193
6 11
138 168
166 195
116 193
183 189
84 169
1 43
111 160
32 88
75 154
115 149
38 95
31 162
40 185
33 86
74 142
87 155
12 38
154 175
51 128
70 160
71 84
134 185
39 153
140 186
87 172
74 158
149 166
20 46
24 77
46 75
12 95
36 66
7 177
2 80
7 113
14 92
70 132
4 72
38 118
22 41
16 138
39 96
162 170
53 186
3 4
20 161
65 106
44 164
17 162
85 180
46 139
81 111
112 159
22 65
113 159
129 173
116 151
162 188
16 180
43 177
33 65
37 73
26 162
136 174
103 179
145 175
12 50
59 89
47 124
77 100
1 179
18 103
50 84
148 197
36 167
65 143
45 133
9 23
11 143
13 103
22 49
32 132
71 165
31 100
105 182
78 117
82 117
66 118
36 58
62 179
89 195
87 121
12 21
106 120
30 120
186 195
124 195
148 170
6 46
29 71
60 65
74 100
45 144
3 45
7 176
76 104
71 134
50 99
118 173
105 114
91 193
146 169
80 152
110 138
13 107
15 125
55 71
36 133
107 152
3 195
5 63
50 152
47 149
41 92
117 165
48 133
37 193
20 193
175 196
102 116
78 98
78 91
126 175
24 59
9 199
50 78
15 96
28 100
40 177
114 173
6 57
41 45
22 157
43 97
19 176
90 178
6 159
11 108
84 192
163 188
168 187
38 58
141 171
98 137
37 147
13 184
137 152
35 176
55 87
34 170
166 179
83 178
62 88
150 153
126 128
114 125
7 143
107 122
11 24
8 42
52 191
128 162
10 85
150 191
128 198
126 136
24 56
54 59
181 184
90 199
95 106
27 156
26 123
87 175
88 145
15 196
133 189
7 171
48 74
95 195
31 49
104 130
148 156
93 103
43 80
163 166
80 94
54 102
135 188
80 156
89 138
23 100
100 197
19 39
100 143
58 174
42 69
121 159
105 108
41 165
54 187
25 77
144 165
83 104
49 120
24 72
87 105
140 142
41 172
2 129
170 200
149 162
21 192
50 72
116 167
21 131
46 156
8 137
110 155
42 190
107 174
76 148
81 166
77 135
32 171
112 174
42 127
118 142
56 97
69 155
172 198
94 170
41 74
164 173
9 123
41 195
58 153
30 126
16 96
32 84
89 172
42 195
12 26
129 178
82 84
42 121
18 185
64 119
29 111
11 66
87 100
138 165
24 128
79 121
113 198
117 168
47 102
98 119
109 122
2 109
5 149
25 149
163 186
97 200
69 173
100 188
92 127
66 150
20 138
20 153
2 141
29 143
17 106
170 176
66 154
103 145
60 173
70 178
76 169
63 153
5 175
27 79
50 57
28 117
125 126
83 117
117 150
4 17
13 31
90 135
94 193
30 156
4 127
138 177
82 165
48 81
104 141
77 145
48 68
20 97
32 146
57 82
142 191
27 59
91 129
16 200
31 153
19 99
26 167
99 141
74 86
31 106
142 198
61 66
128 158
41 54
16 99
146 170
92 159
54 78
40 62
46 106
57 128
16 67
132 148
8 25
6 54
50 124
88 144
40 173
89 112
75 172
60 145
130 188
24 138
57 183
72 109
118 140
39 124
73 132
81 190
162 180
108 130
82 124
114 184
28 66
45 82
122 178
103 112
9 43
94 113
34 143
4 101
5 143
56 166
117 156
108 131
87 133
10 123
47 168
19 83
47 61
54 171
76 153
64 93
118 144
3 117
47 121
120 194
42 165
54 84
85 107
90 95
70 127
141 184
42 194
114 126
1 4
72 137
51 113
24 140
8 193
14 112
76 158
13 40
128 148
62 156
14 100
48 84
16 190
41 52
96 154
112 154
47 182
36 146
77 87
20 164
1 20
50 198
20 29
172 183
83 93
127 167
9 96
77 81
43 143
107 134
37 82
44 46
173 179
143 144
157 162
31 96
60 172
27 179
65 71
103 114
21 54
11 89
22 166
7 125
4 21
42 48
15 142
30 99
172 195
94 118
83 114
117 144
93 126
47 53
85 169
85 122
169 184
3 68
9 75
76 157
79 184
83 155
36 85
84 153
96 177
44 139
80 83
27 90
126 192
16 198
17 137
168 183
31 39
4 183
58 60
39 136
15 38
18 188
56 70
83 192
38 88
57 75
74 79
36 50
88 162
63 195
167 178
109 194
35 68
31 59
59 123
106 190
91 165
115 141
83 85
8 192
27 92
19 82
53 115
16 26
110 120
37 87
58 79
164 175
168 190
45 52
65 78
80 182
72 141
17 71
75 138
22 59
91 100
63 196
81 95
157 187
26 94
5 53
39 70
144 175
94 114
11 193
7 57
158 172
37 198
54 60
32 193
65 85
27 163
85 128
39 160
97 171
122 163
103 158
68 166
84 190
65 166
80 181
5 29
33 106
78 166
141 146
40 108
5 27
29 62
15 168
86 99
37 122
157 184
113 155
21 146
38 123
154 176
64 85
57 179
42 77
15 74
39 141
91 133
75 117
159 178
41 190
13 145
31 119
67 150
40 57
37 107
133 198
145 166
46 51
26 184
120 191
42 52
20 133
77 92
109 114
13 186
27 37
14 57
78 139
48 182
128 139
105 151
1 39
99 132
171 185
114 154
51 191
5 182
11 23
76 195
13 133
106 160
93 136
42 82
85 99
127 146
29 82
73 186
54 108
183 191
34 99
108 133
7 167
64 109
97 103
130 174
138 183
161 192
56 63
19 79
65 115
110 129
56 82
1 112
40 119
84 143
55 106
2 51
134 192
96 104
126 151
51 171
27 86
62 167
121 143
142 182
18 198
29 89
187 189
103 108
70 187
21 161
111 114
137 154
80 130
86 177
52 122
41 59
120 185
123 137
97 191
17 57
13 152
64 174
19 51
116 195
51 70
83 156
45 113
5 140
14 95
144 168
8 61
54 127
37 156
89 127
36 185
47 180
12 150
144 151
96 192
20 27
6 121
74 89
7 76
30 152
68 86
69 121
95 122
14 187
49 116
165 180
10 71
75 178
74 76
158 181
173 187
162 169
14 69
77 85
56 173
18 31
112 149
172 182
107 118
10 86
84 111
20 63
42 173
75 93
11 56
72 174
3 165
94 103
89 106
14 44
89 125
163 184
3 120
124 131
107 176
9 26
80 157
5 160
2 197
155 182
20 28
91 123
15 95
105 166
35 181
2 195
73 189
89 94
11 12
98 112
19 164
20 43
10 192
94 131
2 10
42 111
15 47
73 187
57 148
4 48
65 100
65 184
3 21
60 98
56 149
136 184
71 138
33 185
147 172
160 162
43 91
79 180
141 149
166 177
63 185
50 144
108 148
116 188
128 194
64 196
67 143
27 70
122 171
14 72
49 83
22 119
20 197
33 94
112 167
72 171
58 122
62 137
131 142
55 162
162 194
47 155
42 177
26 46
15 30
71 194
95 188
116 155
135 147
91 188
43 149
77 154
140 192
3 61
88 111
1 192
97 137
4 181
123 185
84 185
56 107
17 107
12 71
120 157
55 145
120 193
29 39
12 147
107 146
66 179
5 23
24 43
30 44
75 139
134 156
61 196
72 111
15 155
163 181
132 198
56 88
1 163
6 63
115 131
28 183
8 51
7 73
177 182
13 199
52 161
170 192
3 94
38 47
77 165
139 156
92 97
59 154
160 161
92 119
94 138
50 170
70 169
45 127
121 172
15 93
110 130
52 146
147 158
29 73
4 19
89 164
26 150
165 198
73 85
64 105
172 185
7 107
9 108
36 200
34 53
68 91
173 182
6 101
23 30
79 103
39 71
153 185
43 152
39 66
102 145
49 139
142 153
21 163
95 116
103 150
28 143
83 142
42 168
30 171
38 46
9 134
146 148
97 147
29 138
35 61
123 128
28 50
34 41
10 170
44 79
62 71
19 136
93 108
39 115
10 148
18 49
51 134
15 129
119 144
32 189
15 120
131 136
37 123
29 125
154 164
60 123
28 172
79 130
101 120
43 127
168 177
47 52
72 88
5 186
19 20
4 47
127 155
52 158
125 150
7 191
118 184
14 140
178 200
71 96
5 46
77 189
63 172
76 155
97 136
39 67
96 200
125 152
20 194
80 133
43 89
133 194
114 118
94 175
91 167
15 172
29 120
85 170
25 98
4 80
2 185
33 141
47 59
72 117
39 195
185 193
