21 144 12
59 -600 -345 -943 955 919 483 -404 754 562 529 693 513 -466 14 302 -786 -190 -135 -979 351
11 21
2 8
6 21
7 21
2 3
20 21
5 7
11 12
8 13
5 12
8 17
1 19
4 11
3 7
3 13
2 15
2 16
8 12
3 9
2 12
2 17
14 21
1 17
10 17
7 17
16 19
11 15
8 15
4 8
2 10
15 18
10 16
5 8
1 4
7 11
1 14
13 17
3 4
15 21
7 18
19 21
15 17
4 17
10 18
3 20
11 14
1 7
9 14
13 16
8 11
2 20
9 15
11 16
8 16
11 20
13 19
9 10
6 13
9 12
6 11
18 21
5 13
10 13
3 8
4 14
3 19
10 20
10 14
12 14
1 18
8 18
1 5
14 18
5 16
12 20
9 19
4 21
3 17
3 12
18 20
19 20
4 20
7 9
17 21
4 19
7 19
11 18
2 21
9 11
8 14
15 16
2 11
16 21
16 17
2 14
10 15
18 19
3 6
12 19
3 14
8 21
2 6
4 9
9 21
15 19
5 9
4 15
6 15
3 11
14 19
12 17
5 6
6 10
3 21
6 9
6 20
5 17
1 12
2 5
2 18
17 20
13 14
7 20
6 16
5 10
3 16
4 18
2 9
6 18
6 12
1 20
3 15
12 13
14 15
1 11
9 20
2 13
5 18
1 2
17 18
2 4
6 17
12 16
1 15
