30 302 21
1 2 3 4 5 6 7 8 9 10 11 12 13 14 15 16 17 18 19 20 21 707 824 934 522 892 877 973 572 749
15 25
10 16
19 22
5 17
25 30
16 20
7 27
8 27
2 19
1 2
11 12
2 30
5 30
2 4
15 21
7 14
2 18
14 28
8 20
27 30
3 26
8 10
1 29
1 30
8 9
17 30
20 29
3 28
2 20
19 29
7 24
16 25
4 13
6 12
18 22
13 29
15 20
1 11
9 29
9 23
13 16
7 16
2 9
4 11
1 27
21 23
5 24
7 11
10 14
13 27
6 16
16 17
15 27
1 14
5 12
13 15
7 20
8 18
7 19
8 19
3 14
4 7
9 25
9 21
14 29
8 28
10 26
12 14
15 16
21 29
3 4
3 21
23 25
6 28
27 28
9 12
1 24
12 25
2 6
11 22
15 30
6 23
8 15
6 24
11 14
19 21
20 30
13 18
3 23
8 23
16 29
18 19
19 24
14 30
2 16
17 26
11 25
9 22
7 17
2 17
1 17
12 13
9 16
9 30
13 21
14 25
19 20
11 26
14 24
14 27
16 18
13 14
12 20
21 27
8 24
3 19
3 29
26 29
2 27
15 29
9 20
10 22
18 26
10 13
1 7
1 28
11 27
9 18
1 19
20 21
9 15
18 30
3 17
17 29
4 14
12 27
7 10
18 20
11 21
3 15
4 29
9 10
8 14
2 3
8 13
27 29
23 26
5 27
12 22
22 28
6 10
2 29
4 18
9 28
14 15
20 25
3 9
14 17
7 15
15 19
19 26
3 30
7 26
26 30
22 26
24 26
12 17
1 25
4 9
17 27
12 19
1 9
15 24
20 27
9 17
9 19
4 6
2 10
7 8
11 16
23 28
20 23
8 17
5 22
1 26
24 29
4 23
7 13
2 28
3 5
28 29
7 21
25 29
21 28
23 24
11 23
2 5
8 16
1 23
9 27
4 20
19 25
23 29
4 26
8 26
11 15
13 24
14 18
13 22
8 22
6 20
12 26
14 26
24 30
11 24
5 14
3 27
5 15
20 24
3 24
12 23
13 28
5 11
22 27
13 20
26 28
1 20
20 28
3 18
12 28
1 3
4 12
5 21
22 29
15 23
10 18
6 7
18 25
16 21
5 6
7 9
24 28
1 4
9 24
1 22
18 24
3 13
4 30
5 7
3 12
6 27
10 24
7 28
4 10
10 21
9 26
7 29
6 18
22 25
5 8
8 29
1 13
21 30
17 18
17 19
3 6
12 18
16 24
10 11
4 21
19 27
1 18
13 19
11 28
3 20
5 23
14 16
3 7
6 17
23 27
4 5
1 8
10 23
4 15
4 27
9 14
7 23
3 16
2 25
1 21
6 9
13 25
11 19
1 6
19 30
1 12
8 30
25 28
18 29
2 15
2 26
3 25
