40 653 27
1 2 3 4 5 6 7 8 9 10 11 12 13 14 15 16 17 18 19 20 21 22 23 24 25 26 27 916 566 628 848 852 981 674 699 663 981 710 973 709
1 9
12 38
24 35
7 29
11 36
17 28
9 32
14 39
8 20
16 31
15 34
2 31
13 37
5 38
8 35
3 15
5 21
6 37
7 31
15 36
18 39
13 19
6 10
21 34
6 19
15 39
4 15
6 27
12 33
14 18
3 35
13 27
30 37
16 25
12 30
23 27
1 26
3 27
17 18
2 10
28 36
6 36
8 29
10 17
26 28
30 39
7 14
8 10
1 8
32 39
5 11
9 21
20 39
36 37
25 39
13 22
26 32
6 34
28 30
13 24
5 28
6 17
21 31
10 14
20 32
28 31
4 25
8 32
24 30
5 24
11 19
29 34
3 8
12 26
4 29
23 34
6 26
19 22
18 33
15 25
4 21
1 12
4 18
7 27
5 27
13 14
2 18
8 15
25 40
13 39
22 34
24 36
2 20
30 33
5 8
16 27
6 9
15 40
16 18
4 34
18 25
15 32
23 39
11 29
21 36
8 27
15 21
19 25
12 25
10 30
11 20
3 37
17 22
22 37
12 17
36 40
22 32
7 40
21 22
12 37
17 30
16 38
20 25
15 28
25 37
13 16
7 19
6 16
20 34
12 34
16 29
2 4
14 26
6 20
6 35
14 15
7 34
9 35
2 22
2 17
11 21
7 39
23 36
1 4
11 37
6 39
5 15
3 34
11 13
29 31
16 20
16 32
4 40
3 5
10 22
24 31
4 19
17 39
18 37
9 16
5 40
3 36
18 31
10 28
9 10
17 26
25 35
3 21
27 31
11 25
12 27
7 22
18 19
32 34
7 23
35 40
14 40
33 36
8 25
7 25
12 13
5 31
30 40
26 30
25 26
9 27
12 16
13 21
8 11
3 14
16 26
3 39
30 31
21 30
22 40
17 25
17 20
2 21
21 40
33 35
20 21
19 29
33 37
2 12
19 20
2 6
18 27
20 37
1 37
20 35
29 36
21 23
17 19
2 5
20 22
15 23
14 30
12 36
8 24
3 23
20 27
16 33
11 39
27 35
3 25
6 38
32 33
10 25
16 36
16 40
22 39
17 36
2 15
27 37
13 33
4 12
5 9
24 38
6 28
28 35
16 24
30 35
32 35
22 27
18 20
20 40
9 25
39 40
12 40
3 17
38 40
4 26
23 28
27 33
18 26
1 19
28 32
1 28
22 23
11 18
1 27
1 36
2 24
5 37
7 36
23 32
7 17
10 38
8 30
4 39
10 21
3 16
2 11
9 36
5 6
17 40
17 27
22 28
16 30
4 31
23 33
6 14
1 21
8 26
27 32
18 35
5 36
4 11
9 40
3 22
29 32
34 40
7 35
4 27
3 9
5 7
7 8
1 30
2 29
14 19
15 20
27 36
16 39
10 18
14 21
21 28
17 32
25 29
24 39
29 30
2 26
18 30
1 34
11 23
4 7
14 17
10 29
5 30
9 14
3 32
2 30
14 36
20 26
1 13
24 34
19 36
12 24
31 34
26 29
16 19
9 34
5 35
7 20
14 38
21 37
10 39
20 30
8 22
9 15
10 13
23 40
2 25
14 29
7 26
19 23
8 33
13 29
9 38
10 23
15 27
7 10
10 27
36 39
9 18
10 26
17 23
14 16
1 22
28 39
4 6
31 40
2 33
22 31
3 18
13 25
35 38
6 15
34 38
36 38
15 38
4 38
4 28
34 37
16 23
27 34
19 34
10 16
1 15
3 6
1 20
6 22
25 38
14 37
7 15
5 26
9 28
11 32
11 14
10 24
24 40
14 28
4 23
21 26
13 26
10 32
12 19
15 31
18 22
29 33
22 33
7 16
15 29
20 23
19 31
35 39
26 39
9 17
12 31
4 37
2 38
5 16
20 33
9 24
14 23
2 23
9 23
11 38
9 13
2 3
23 31
3 38
19 37
6 12
9 30
17 37
6 7
26 27
5 29
3 20
17 38
21 25
33 39
26 31
9 19
5 39
9 33
12 18
13 18
6 21
8 12
8 18
8 34
25 27
11 33
2 28
28 37
11 16
4 35
22 24
8 9
1 18
16 21
22 25
21 29
13 36
2 36
18 23
3 26
16 17
16 37
14 20
10 31
29 37
30 38
4 5
11 24
25 33
2 7
11 26
7 9
8 23
32 38
7 30
12 28
12 20
19 27
9 26
22 35
8 21
1 14
18 24
1 3
1 32
23 25
26 37
31 39
13 40
12 35
1 40
32 37
9 39
2 37
2 16
21 38
8 40
19 21
17 24
26 38
12 23
7 37
14 34
14 25
1 10
33 38
19 26
2 34
2 40
26 40
14 22
4 17
8 19
2 39
1 31
11 40
37 38
19 32
11 17
3 33
34 39
15 18
25 30
5 34
19 28
13 20
1 2
27 29
1 7
17 33
2 19
27 30
6 32
12 22
10 37
16 28
2 32
21 32
10 11
23 29
35 37
4 10
31 33
13 32
23 24
3 12
4 33
29 35
18 38
21 33
10 36
28 29
29 38
3 4
12 21
20 28
16 35
8 28
13 38
2 8
11 22
1 17
11 12
25 28
12 15
28 33
19 33
21 24
17 29
19 30
2 27
19 40
6 18
11 15
15 24
31 38
18 40
22 38
20 29
12 32
38 39
17 34
6 30
19 38
22 30
6 11
27 28
13 34
3 40
9 29
8 16
3 31
5 14
6 31
1 16
28 40
27 39
4 30
24 37
1 39
24 27
7 21
26 34
13 35
8 13
34 35
24 25
26 36
15 16
18 34
3 13
11 28
14 27
18 28
13 28
31 35
1 6
1 24
4 8
31 32
5 23
6 24
24 32
35 36
1 35
33 34
23 26
15 22
29 39
14 24
9 20
2 9
4 32
24 29
10 15
11 35
3 7
10 33
7 11
3 29
12 29
15 33
18 36
26 35
31 37
30 32
5 17
25 36
29 40
9 12
16 22
9 37
8 37
12 14
10 34
