48 876 15
354 -691 -646 689 857 -836 -912 -440 594 -13 187 850 -864 -752 -233 415 62 538 -387 867 -765 376 -581 -457 985 124 103 346 -911 -301 -854 215 -425 -22 -356 978 -462 40 822 -163 -130 122 797 -984 813 44 89 284
9 34
2 14
6 19
2 42
19 48
10 14
34 36
8 9
23 27
29 40
13 36
4 41
22 24
24 45
29 45
16 18
16 42
35 48
24 33
6 43
16 23
11 41
39 42
30 43
1 41
20 47
1 39
19 28
13 19
16 29
2 31
40 48
5 29
11 47
16 30
33 47
25 31
3 16
36 44
27 34
18 39
34 42
25 30
3 34
46 48
4 9
46 47
32 37
32 40
27 36
3 27
7 17
20 32
35 44
22 23
23 36
17 39
13 30
16 41
1 21
1 25
27 41
28 31
10 32
4 34
38 39
2 9
21 25
24 28
27 28
2 4
8 21
2 23
19 27
13 45
6 27
27 40
11 39
19 43
31 36
25 46
16 38
21 29
18 33
30 45
14 38
30 37
38 46
9 16
10 34
19 26
17 46
2 35
1 43
4 33
22 37
26 32
9 22
10 38
27 46
11 12
34 39
8 31
27 42
17 35
12 25
9 19
26 42
18 20
36 45
18 28
17 28
1 18
22 39
21 34
12 34
29 38
2 7
32 36
3 26
11 14
10 48
28 41
25 39
16 36
16 40
10 25
7 13
40 44
4 32
16 46
8 35
33 34
8 19
14 48
1 34
4 37
11 33
17 41
4 15
30 42
12 44
28 45
19 29
3 25
26 46
10 16
4 18
31 42
32 44
20 22
31 38
6 16
28 48
10 18
30 41
9 14
21 47
18 27
3 40
14 24
2 36
12 43
13 35
1 12
22 38
30 47
13 37
13 43
7 48
20 45
6 22
24 48
1 36
36 39
27 39
22 35
5 22
2 17
21 42
14 20
20 35
4 5
28 33
7 24
19 40
20 37
28 34
6 9
22 27
5 42
31 37
9 33
17 24
12 30
4 35
6 10
15 32
5 16
3 45
32 42
6 12
20 43
1 35
7 35
5 46
27 33
9 10
20 40
13 23
14 18
6 31
13 14
3 5
4 28
2 47
8 46
6 30
9 46
1 26
18 19
18 44
24 27
8 26
6 23
7 47
9 38
3 42
29 33
39 47
3 35
7 23
20 26
14 26
2 32
45 46
5 10
13 46
2 21
15 33
23 37
42 45
4 44
34 43
25 33
10 17
16 43
10 13
11 15
11 27
33 48
7 18
14 36
19 23
1 3
4 20
14 29
31 39
23 29
2 30
26 41
41 47
45 48
18 32
8 30
18 35
19 39
27 32
10 45
1 31
32 47
11 23
16 19
2 27
32 35
5 14
29 36
34 46
4 45
5 23
30 31
17 38
6 29
38 42
9 32
19 41
3 13
15 16
29 37
14 42
29 41
22 41
4 11
17 31
12 31
3 14
15 31
18 37
27 47
16 27
23 43
37 42
9 17
27 43
26 33
10 31
1 9
7 38
14 30
21 28
11 28
8 27
23 32
15 42
10 47
21 31
15 27
3 29
15 36
25 45
1 46
6 45
14 39
28 30
10 37
35 42
26 34
20 24
17 48
16 35
1 4
4 19
22 32
16 24
1 22
5 31
32 39
2 40
17 45
28 37
27 35
32 34
45 47
15 34
5 45
23 48
12 24
2 6
11 22
11 17
5 38
39 45
22 43
5 20
19 20
29 47
3 36
24 38
37 38
41 45
32 33
5 43
25 40
10 15
19 33
10 43
3 15
40 45
7 32
4 24
2 15
14 17
3 44
2 5
22 45
8 16
3 30
6 42
13 41
15 40
24 34
4 39
23 31
30 34
18 41
2 18
19 30
7 37
19 35
8 10
25 41
38 41
20 48
29 31
39 46
20 25
20 41
8 14
34 44
4 27
28 40
16 22
22 30
11 29
21 46
6 25
7 45
28 46
18 42
24 35
9 12
3 46
11 19
3 43
4 29
16 26
20 39
28 44
14 33
12 40
5 33
16 33
18 38
6 7
37 46
21 30
2 8
44 45
3 32
9 39
5 28
6 37
3 7
13 22
5 35
5 37
14 32
1 16
11 30
4 10
4 48
19 21
11 38
4 43
7 31
2 24
19 47
25 47
3 8
28 38
17 36
12 21
17 23
14 19
23 46
11 37
14 28
35 38
5 8
12 47
20 23
10 12
36 37
8 48
15 22
15 48
5 12
9 45
4 47
5 40
7 9
19 37
5 26
11 46
28 35
13 40
12 48
16 17
3 39
4 12
10 44
12 37
9 23
15 20
14 47
4 46
34 38
11 42
21 37
24 46
5 15
42 43
4 22
17 25
3 48
9 48
28 29
8 34
12 15
1 23
2 13
21 45
33 36
7 46
7 28
1 10
30 40
35 46
33 44
4 40
29 30
31 35
5 47
13 32
2 11
15 17
7 16
34 37
8 32
17 26
14 35
12 16
4 26
5 6
9 11
37 40
32 41
17 43
21 41
21 35
2 25
6 26
21 48
3 11
1 29
3 18
4 42
36 46
40 43
28 36
43 45
10 26
6 28
30 46
13 34
24 40
16 48
36 40
6 13
5 30
22 29
1 7
2 44
14 22
27 30
43 44
10 24
29 42
11 31
32 43
33 40
9 44
17 32
7 8
9 30
8 12
5 7
36 41
14 37
9 31
33 37
33 35
12 23
16 28
7 29
10 33
11 16
7 33
8 23
22 46
3 17
47 48
12 17
9 37
4 6
18 47
21 27
12 35
29 34
13 48
42 48
21 24
42 44
20 21
6 24
19 32
25 29
16 21
12 18
22 25
17 21
3 6
16 32
19 25
39 44
17 19
2 39
8 18
18 36
41 43
18 23
16 39
9 47
37 41
36 38
5 9
23 30
35 41
3 21
15 43
10 11
13 42
5 41
23 41
1 20
35 40
19 34
27 38
35 47
7 26
11 40
8 17
41 44
36 47
1 5
18 24
36 48
24 26
21 32
15 41
21 33
8 29
17 37
23 33
27 48
16 37
26 30
26 35
13 38
10 42
37 44
23 38
4 25
5 17
31 44
6 15
32 38
33 38
25 44
20 44
1 42
24 36
2 28
18 46
3 19
12 41
7 11
39 41
9 35
1 37
6 39
11 13
44 46
9 24
10 40
34 45
8 11
4 21
3 31
25 36
22 40
1 19
26 29
8 39
9 15
16 47
29 39
8 22
4 30
23 45
25 42
31 33
34 48
23 42
3 12
19 45
11 48
6 17
8 40
13 17
24 30
12 36
17 34
10 46
40 47
6 32
12 14
5 25
18 29
13 28
17 42
5 44
23 44
39 43
40 41
21 36
12 27
31 41
22 48
14 40
13 27
37 43
24 44
3 23
33 43
42 46
26 27
9 42
18 30
29 44
6 20
14 44
11 25
23 34
43 48
31 48
14 27
26 40
2 29
27 37
24 32
18 40
5 36
4 38
1 17
8 37
3 41
15 38
14 15
21 39
7 21
31 47
22 44
18 25
7 40
28 32
2 37
2 16
14 46
4 14
11 24
38 44
29 43
12 46
17 44
34 41
33 42
10 41
28 43
14 31
10 39
16 20
28 39
6 46
10 30
32 45
1 14
8 28
6 34
18 31
12 33
13 25
13 15
2 34
4 17
11 34
22 47
10 28
7 39
20 29
24 31
19 24
29 35
6 38
5 19
11 32
4 16
1 48
15 44
9 25
14 41
20 38
15 24
26 44
1 2
34 47
26 38
6 33
17 22
7 19
12 32
3 10
7 25
9 43
8 45
8 41
2 48
15 26
31 32
42 47
7 22
2 12
16 45
1 13
7 20
17 40
6 8
2 3
12 22
17 29
24 43
13 44
32 46
3 37
20 34
2 43
34 35
30 38
2 20
35 43
30 44
29 32
8 24
25 26
25 38
22 34
13 16
25 37
33 41
22 42
7 43
18 34
12 39
33 45
29 46
10 20
27 45
1 28
12 20
13 47
26 39
11 36
28 42
17 20
20 28
11 26
7 44
39 48
13 33
44 48
19 46
15 46
5 11
18 21
20 30
38 43
